 500.00000 2.403326403E+00
 501.00000 2.402927620E+00
 502.00000 2.402527947E+00
 503.00000 2.402127384E+00
 504.00000 2.401725930E+00
 505.00000 2.401323584E+00
 506.00000 2.400920347E+00
 507.00000 2.400516217E+00
 508.00000 2.400111194E+00
 509.00000 2.399705277E+00
 510.00000 2.399298466E+00
 511.00000 2.398890761E+00
 512.00000 2.398482160E+00
 513.00000 2.398072664E+00
 514.00000 2.397662271E+00
 515.00000 2.397250981E+00
 516.00000 2.396838794E+00
 517.00000 2.396425708E+00
 518.00000 2.396011724E+00
 519.00000 2.395596841E+00
 520.00000 2.395181058E+00
 521.00000 2.394764375E+00
 522.00000 2.394346791E+00
 523.00000 2.393928306E+00
 524.00000 2.393508918E+00
 525.00000 2.393088628E+00
 526.00000 2.392667435E+00
 527.00000 2.392245338E+00
 528.00000 2.391822337E+00
 529.00000 2.391398431E+00
 530.00000 2.390973620E+00
 531.00000 2.390547903E+00
 532.00000 2.390121279E+00
 533.00000 2.389693748E+00
 534.00000 2.389265309E+00
 535.00000 2.388835962E+00
 536.00000 2.388405707E+00
 537.00000 2.387974542E+00
 538.00000 2.387542466E+00
 539.00000 2.387109481E+00
 540.00000 2.386675584E+00
 541.00000 2.386240775E+00
 542.00000 2.385805054E+00
 543.00000 2.385368420E+00
 544.00000 2.384930873E+00
 545.00000 2.384492412E+00
 546.00000 2.384053035E+00
 547.00000 2.383612744E+00
 548.00000 2.383171537E+00
 549.00000 2.382729413E+00
 550.00000 2.382286373E+00
 551.00000 2.381842415E+00
 552.00000 2.381397538E+00
 553.00000 2.380951743E+00
 554.00000 2.380505029E+00
 555.00000 2.380057394E+00
 556.00000 2.379608839E+00
 557.00000 2.379159363E+00
 558.00000 2.378708965E+00
 559.00000 2.378257645E+00
 560.00000 2.377805402E+00
 561.00000 2.377352235E+00
 562.00000 2.376898144E+00
 563.00000 2.376443129E+00
 564.00000 2.375987188E+00
 565.00000 2.375530321E+00
 566.00000 2.375072527E+00
 567.00000 2.374613807E+00
 568.00000 2.374154159E+00
 569.00000 2.373693582E+00
 570.00000 2.373232077E+00
 571.00000 2.372769642E+00
 572.00000 2.372306276E+00
 573.00000 2.371841980E+00
 574.00000 2.371376753E+00
 575.00000 2.370910593E+00
 576.00000 2.370443502E+00
 577.00000 2.369975476E+00
 578.00000 2.369506517E+00
 579.00000 2.369036624E+00
 580.00000 2.368565795E+00
 581.00000 2.368094031E+00
 582.00000 2.367621331E+00
 583.00000 2.367147694E+00
 584.00000 2.366673119E+00
 585.00000 2.366197606E+00
 586.00000 2.365721154E+00
 587.00000 2.365243763E+00
 588.00000 2.364765433E+00
 589.00000 2.364286161E+00
 590.00000 2.363805948E+00
 591.00000 2.363324794E+00
 592.00000 2.362842697E+00
 593.00000 2.362359657E+00
 594.00000 2.361875673E+00
 595.00000 2.361390745E+00
 596.00000 2.360904872E+00
 597.00000 2.360418053E+00
 598.00000 2.359930288E+00
 599.00000 2.359441576E+00
 600.00000 2.358951917E+00
 601.00000 2.358461310E+00
 602.00000 2.357969754E+00
 603.00000 2.357477249E+00
 604.00000 2.356983794E+00
 605.00000 2.356489388E+00
 606.00000 2.355994031E+00
 607.00000 2.355497722E+00
 608.00000 2.355000460E+00
 609.00000 2.354502246E+00
 610.00000 2.354003077E+00
 611.00000 2.353502955E+00
 612.00000 2.353001877E+00
 613.00000 2.352499843E+00
 614.00000 2.351996854E+00
 615.00000 2.351492907E+00
 616.00000 2.350988003E+00
 617.00000 2.350482140E+00
 618.00000 2.349975319E+00
 619.00000 2.349467538E+00
 620.00000 2.348958796E+00
 621.00000 2.348449095E+00
 622.00000 2.347938431E+00
 623.00000 2.347426806E+00
 624.00000 2.346914218E+00
 625.00000 2.346400666E+00
 626.00000 2.345886151E+00
 627.00000 2.345370670E+00
 628.00000 2.344854225E+00
 629.00000 2.344336813E+00
 630.00000 2.343818435E+00
 631.00000 2.343299090E+00
 632.00000 2.342778777E+00
 633.00000 2.342257495E+00
 634.00000 2.341735244E+00
 635.00000 2.341212023E+00
 636.00000 2.340687832E+00
 637.00000 2.340162670E+00
 638.00000 2.339636535E+00
 639.00000 2.339109429E+00
 640.00000 2.338581349E+00
 641.00000 2.338052295E+00
 642.00000 2.337522267E+00
 643.00000 2.336991264E+00
 644.00000 2.336459285E+00
 645.00000 2.335926330E+00
 646.00000 2.335392398E+00
 647.00000 2.334857488E+00
 648.00000 2.334321599E+00
 649.00000 2.333784732E+00
 650.00000 2.333246885E+00
 651.00000 2.332708058E+00
 652.00000 2.332168249E+00
 653.00000 2.331627459E+00
 654.00000 2.331085687E+00
 655.00000 2.330542932E+00
 656.00000 2.329999193E+00
 657.00000 2.329454469E+00
 658.00000 2.328908761E+00
 659.00000 2.328362067E+00
 660.00000 2.327814387E+00
 661.00000 2.327265720E+00
 662.00000 2.326716065E+00
 663.00000 2.326165422E+00
 664.00000 2.325613790E+00
 665.00000 2.325061168E+00
 666.00000 2.324507556E+00
 667.00000 2.323952953E+00
 668.00000 2.323397359E+00
 669.00000 2.322840772E+00
 670.00000 2.322283192E+00
 671.00000 2.321724618E+00
 672.00000 2.321165051E+00
 673.00000 2.320604488E+00
 674.00000 2.320042930E+00
 675.00000 2.319480375E+00
 676.00000 2.318916823E+00
 677.00000 2.318352274E+00
 678.00000 2.317786726E+00
 679.00000 2.317220179E+00
 680.00000 2.316652633E+00
 681.00000 2.316084086E+00
 682.00000 2.315514538E+00
 683.00000 2.314943989E+00
 684.00000 2.314372437E+00
 685.00000 2.313799882E+00
 686.00000 2.313226323E+00
 687.00000 2.312651760E+00
 688.00000 2.312076192E+00
 689.00000 2.311499618E+00
 690.00000 2.310922038E+00
 691.00000 2.310343450E+00
 692.00000 2.309763855E+00
 693.00000 2.309183251E+00
 694.00000 2.308601638E+00
 695.00000 2.308019015E+00
 696.00000 2.307435382E+00
 697.00000 2.306850738E+00
 698.00000 2.306265081E+00
 699.00000 2.305678413E+00
 700.00000 2.305090731E+00
 701.00000 2.304502035E+00
 702.00000 2.303912324E+00
 703.00000 2.303321598E+00
 704.00000 2.302729857E+00
 705.00000 2.302137098E+00
 706.00000 2.301543322E+00
 707.00000 2.300948529E+00
 708.00000 2.300352716E+00
 709.00000 2.299755885E+00
 710.00000 2.299158033E+00
 711.00000 2.298559160E+00
 712.00000 2.297959266E+00
 713.00000 2.297358350E+00
 714.00000 2.296756412E+00
 715.00000 2.296153449E+00
 716.00000 2.295549463E+00
 717.00000 2.294944452E+00
 718.00000 2.294338415E+00
 719.00000 2.293731352E+00
 720.00000 2.293123262E+00
 721.00000 2.292514145E+00
 722.00000 2.291903999E+00
 723.00000 2.291292825E+00
 724.00000 2.290680620E+00
 725.00000 2.290067386E+00
 726.00000 2.289453120E+00
 727.00000 2.288837823E+00
 728.00000 2.288221493E+00
 729.00000 2.287604131E+00
 730.00000 2.286985734E+00
 731.00000 2.286366304E+00
 732.00000 2.285745838E+00
 733.00000 2.285124336E+00
 734.00000 2.284501798E+00
 735.00000 2.283878222E+00
 736.00000 2.283253609E+00
 737.00000 2.282627957E+00
 738.00000 2.282001266E+00
 739.00000 2.281373535E+00
 740.00000 2.280744764E+00
 741.00000 2.280114951E+00
 742.00000 2.279484096E+00
 743.00000 2.278852198E+00
 744.00000 2.278219258E+00
 745.00000 2.277585273E+00
 746.00000 2.276950243E+00
 747.00000 2.276314168E+00
 748.00000 2.275677047E+00
 749.00000 2.275038878E+00
 750.00000 2.274399663E+00
 751.00000 2.273759399E+00
 752.00000 2.273118087E+00
 753.00000 2.272475725E+00
 754.00000 2.271832312E+00
 755.00000 2.271187849E+00
 756.00000 2.270542334E+00
 757.00000 2.269895767E+00
 758.00000 2.269248147E+00
 759.00000 2.268599473E+00
 760.00000 2.267949745E+00
 761.00000 2.267298962E+00
 762.00000 2.266647123E+00
 763.00000 2.265994227E+00
 764.00000 2.265340275E+00
 765.00000 2.264685265E+00
 766.00000 2.264029196E+00
 767.00000 2.263372068E+00
 768.00000 2.262713880E+00
 769.00000 2.262054632E+00
 770.00000 2.261394322E+00
 771.00000 2.260732951E+00
 772.00000 2.260070517E+00
 773.00000 2.259407020E+00
 774.00000 2.258742458E+00
 775.00000 2.258076833E+00
 776.00000 2.257410141E+00
 777.00000 2.256742384E+00
 778.00000 2.256073560E+00
 779.00000 2.255403669E+00
 780.00000 2.254732710E+00
 781.00000 2.254060682E+00
 782.00000 2.253387584E+00
 783.00000 2.252713416E+00
 784.00000 2.252038178E+00
 785.00000 2.251361868E+00
 786.00000 2.250684486E+00
 787.00000 2.250006031E+00
 788.00000 2.249326503E+00
 789.00000 2.248645900E+00
 790.00000 2.247964223E+00
 791.00000 2.247281470E+00
 792.00000 2.246597640E+00
 793.00000 2.245912734E+00
 794.00000 2.245226750E+00
 795.00000 2.244539688E+00
 796.00000 2.243851547E+00
 797.00000 2.243162327E+00
 798.00000 2.242472026E+00
 799.00000 2.241780644E+00
 800.00000 2.241088180E+00
 801.00000 2.240394634E+00
 802.00000 2.239700005E+00
 803.00000 2.239004293E+00
 804.00000 2.238307496E+00
 805.00000 2.237609614E+00
 806.00000 2.236910646E+00
 807.00000 2.236210592E+00
 808.00000 2.235509451E+00
 809.00000 2.234807222E+00
 810.00000 2.234103904E+00
 811.00000 2.233399498E+00
 812.00000 2.232694002E+00
 813.00000 2.231987415E+00
 814.00000 2.231279738E+00
 815.00000 2.230570968E+00
 816.00000 2.229861107E+00
 817.00000 2.229150152E+00
 818.00000 2.228438103E+00
 819.00000 2.227724960E+00
 820.00000 2.227010722E+00
 821.00000 2.226295388E+00
 822.00000 2.225578958E+00
 823.00000 2.224861431E+00
 824.00000 2.224142806E+00
 825.00000 2.223423082E+00
 826.00000 2.222702260E+00
 827.00000 2.221980338E+00
 828.00000 2.221257315E+00
 829.00000 2.220533191E+00
 830.00000 2.219807966E+00
 831.00000 2.219081638E+00
 832.00000 2.218354208E+00
 833.00000 2.217625673E+00
 834.00000 2.216896034E+00
 835.00000 2.216165291E+00
 836.00000 2.215433441E+00
 837.00000 2.214700486E+00
 838.00000 2.213966423E+00
 839.00000 2.213231253E+00
 840.00000 2.212494975E+00
 841.00000 2.211757587E+00
 842.00000 2.211019091E+00
 843.00000 2.210279484E+00
 844.00000 2.209538766E+00
 845.00000 2.208796936E+00
 846.00000 2.208053995E+00
 847.00000 2.207309941E+00
 848.00000 2.206564773E+00
 849.00000 2.205818491E+00
 850.00000 2.205071095E+00
 851.00000 2.204322583E+00
 852.00000 2.203572955E+00
 853.00000 2.202822211E+00
 854.00000 2.202070349E+00
 855.00000 2.201317370E+00
 856.00000 2.200563272E+00
 857.00000 2.199808055E+00
 858.00000 2.199051718E+00
 859.00000 2.198294260E+00
 860.00000 2.197535682E+00
 861.00000 2.196775981E+00
 862.00000 2.196015159E+00
 863.00000 2.195253213E+00
 864.00000 2.194490144E+00
 865.00000 2.193725951E+00
 866.00000 2.192960633E+00
 867.00000 2.192194190E+00
 868.00000 2.191426620E+00
 869.00000 2.190657924E+00
 870.00000 2.189888100E+00
 871.00000 2.189117149E+00
 872.00000 2.188345069E+00
 873.00000 2.187571859E+00
 874.00000 2.186797520E+00
 875.00000 2.186022051E+00
 876.00000 2.185245451E+00
 877.00000 2.184467719E+00
 878.00000 2.183688854E+00
 879.00000 2.182908857E+00
 880.00000 2.182127727E+00
 881.00000 2.181345462E+00
 882.00000 2.180562063E+00
 883.00000 2.179777529E+00
 884.00000 2.178991859E+00
 885.00000 2.178205052E+00
 886.00000 2.177417108E+00
 887.00000 2.176628027E+00
 888.00000 2.175837807E+00
 889.00000 2.175046449E+00
 890.00000 2.174253951E+00
 891.00000 2.173460313E+00
 892.00000 2.172665534E+00
 893.00000 2.171869615E+00
 894.00000 2.171072553E+00
 895.00000 2.170274349E+00
 896.00000 2.169475002E+00
 897.00000 2.168674512E+00
 898.00000 2.167872878E+00
 899.00000 2.167070098E+00
 900.00000 2.166266174E+00
 901.00000 2.165461104E+00
 902.00000 2.164654887E+00
 903.00000 2.163847524E+00
 904.00000 2.163039012E+00
 905.00000 2.162229353E+00
 906.00000 2.161418545E+00
 907.00000 2.160606588E+00
 908.00000 2.159793481E+00
 909.00000 2.158979224E+00
 910.00000 2.158163815E+00
 911.00000 2.157347255E+00
 912.00000 2.156529544E+00
 913.00000 2.155710679E+00
 914.00000 2.154890662E+00
 915.00000 2.154069490E+00
 916.00000 2.153247165E+00
 917.00000 2.152423684E+00
 918.00000 2.151599049E+00
 919.00000 2.150773257E+00
 920.00000 2.149946309E+00
 921.00000 2.149118204E+00
 922.00000 2.148288942E+00
 923.00000 2.147458521E+00
 924.00000 2.146626942E+00
 925.00000 2.145794204E+00
 926.00000 2.144960306E+00
 927.00000 2.144125248E+00
 928.00000 2.143289030E+00
 929.00000 2.142451650E+00
 930.00000 2.141613108E+00
 931.00000 2.140773405E+00
 932.00000 2.139932538E+00
 933.00000 2.139090509E+00
 934.00000 2.138247315E+00
 935.00000 2.137402957E+00
 936.00000 2.136557435E+00
 937.00000 2.135710747E+00
 938.00000 2.134862893E+00
 939.00000 2.134013874E+00
 940.00000 2.133163687E+00
 941.00000 2.132312333E+00
 942.00000 2.131459811E+00
 943.00000 2.130606121E+00
 944.00000 2.129751262E+00
 945.00000 2.128895235E+00
 946.00000 2.128038037E+00
 947.00000 2.127179669E+00
 948.00000 2.126320130E+00
 949.00000 2.125459421E+00
 950.00000 2.124597539E+00
 951.00000 2.123734486E+00
 952.00000 2.122870260E+00
 953.00000 2.122004861E+00
 954.00000 2.121138288E+00
 955.00000 2.120270542E+00
 956.00000 2.119401621E+00
 957.00000 2.118531525E+00
 958.00000 2.117660254E+00
 959.00000 2.116787808E+00
 960.00000 2.115914185E+00
 961.00000 2.115039385E+00
 962.00000 2.114163408E+00
 963.00000 2.113286254E+00
 964.00000 2.112407922E+00
 965.00000 2.111528411E+00
 966.00000 2.110647721E+00
 967.00000 2.109765853E+00
 968.00000 2.108882804E+00
 969.00000 2.107998576E+00
 970.00000 2.107113167E+00
 971.00000 2.106226577E+00
 972.00000 2.105338805E+00
 973.00000 2.104449852E+00
 974.00000 2.103559717E+00
 975.00000 2.102668399E+00
 976.00000 2.101775898E+00
 977.00000 2.100882214E+00
 978.00000 2.099987346E+00
 979.00000 2.099091294E+00
 980.00000 2.098194057E+00
 981.00000 2.097295636E+00
 982.00000 2.096396029E+00
 983.00000 2.095495236E+00
 984.00000 2.094593257E+00
 985.00000 2.093690092E+00
 986.00000 2.092785740E+00
 987.00000 2.091880201E+00
 988.00000 2.090973475E+00
 989.00000 2.090065560E+00
 990.00000 2.089156457E+00
 991.00000 2.088246166E+00
 992.00000 2.087334686E+00
 993.00000 2.086422016E+00
 994.00000 2.085508157E+00
 995.00000 2.084593107E+00
 996.00000 2.083676868E+00
 997.00000 2.082759438E+00
 998.00000 2.081840817E+00
 999.00000 2.080921004E+00
1000.00000 2.080000000E+00
1001.00000 2.079077804E+00
1002.00000 2.078154416E+00
1003.00000 2.077229835E+00
1004.00000 2.076304061E+00
1005.00000 2.075377094E+00
1006.00000 2.074448934E+00
1007.00000 2.073519580E+00
1008.00000 2.072589032E+00
1009.00000 2.071657289E+00
1010.00000 2.070724352E+00
1011.00000 2.069790220E+00
1012.00000 2.068854893E+00
1013.00000 2.067918370E+00
1014.00000 2.066980652E+00
1015.00000 2.066041738E+00
1016.00000 2.065101627E+00
1017.00000 2.064160320E+00
1018.00000 2.063217816E+00
1019.00000 2.062274115E+00
1020.00000 2.061329217E+00
1021.00000 2.060383121E+00
1022.00000 2.059435828E+00
1023.00000 2.058487337E+00
1024.00000 2.057537647E+00
1025.00000 2.056586759E+00
1026.00000 2.055634673E+00
1027.00000 2.054681388E+00
1028.00000 2.053726903E+00
1029.00000 2.052771219E+00
1030.00000 2.051814336E+00
1031.00000 2.050856254E+00
1032.00000 2.049896971E+00
1033.00000 2.048936488E+00
1034.00000 2.047974805E+00
1035.00000 2.047011922E+00
1036.00000 2.046047838E+00
1037.00000 2.045082554E+00
1038.00000 2.044116068E+00
1039.00000 2.043148382E+00
1040.00000 2.042179494E+00
1041.00000 2.041209405E+00
1042.00000 2.040238114E+00
1043.00000 2.039265621E+00
1044.00000 2.038291927E+00
1045.00000 2.037317031E+00
1046.00000 2.036340933E+00
1047.00000 2.035363632E+00
1048.00000 2.034385130E+00
1049.00000 2.033405424E+00
1050.00000 2.032424517E+00
1051.00000 2.031442406E+00
1052.00000 2.030459093E+00
1053.00000 2.029474577E+00
1054.00000 2.028488858E+00
1055.00000 2.027501936E+00
1056.00000 2.026513811E+00
1057.00000 2.025524483E+00
1058.00000 2.024533952E+00
1059.00000 2.023542217E+00
1060.00000 2.022549279E+00
1061.00000 2.021555138E+00
1062.00000 2.020559793E+00
1063.00000 2.019563245E+00
1064.00000 2.018565493E+00
1065.00000 2.017566537E+00
1066.00000 2.016566378E+00
1067.00000 2.015565015E+00
1068.00000 2.014562449E+00
1069.00000 2.013558679E+00
1070.00000 2.012553705E+00
1071.00000 2.011547528E+00
1072.00000 2.010540147E+00
1073.00000 2.009531563E+00
1074.00000 2.008521775E+00
1075.00000 2.007510783E+00
1076.00000 2.006498588E+00
1077.00000 2.005485189E+00
1078.00000 2.004470586E+00
1079.00000 2.003454781E+00
1080.00000 2.002437772E+00
1081.00000 2.001419559E+00
1082.00000 2.000400144E+00
1083.00000 1.999379525E+00
1084.00000 1.998357703E+00
1085.00000 1.997334678E+00
1086.00000 1.996310450E+00
1087.00000 1.995285019E+00
1088.00000 1.994258386E+00
1089.00000 1.993230549E+00
1090.00000 1.992201511E+00
1091.00000 1.991171270E+00
1092.00000 1.990139826E+00
1093.00000 1.989107181E+00
1094.00000 1.988073333E+00
1095.00000 1.987038284E+00
1096.00000 1.986002033E+00
1097.00000 1.984964580E+00
1098.00000 1.983925926E+00
1099.00000 1.982886070E+00
1100.00000 1.981845014E+00
1101.00000 1.980802757E+00
1102.00000 1.979759299E+00
1103.00000 1.978714641E+00
1104.00000 1.977668782E+00
1105.00000 1.976621723E+00
1106.00000 1.975573464E+00
1107.00000 1.974524006E+00
1108.00000 1.973473348E+00
1109.00000 1.972421492E+00
1110.00000 1.971368436E+00
1111.00000 1.970314181E+00
1112.00000 1.969258729E+00
1113.00000 1.968202078E+00
1114.00000 1.967144229E+00
1115.00000 1.966085182E+00
1116.00000 1.965024939E+00
1117.00000 1.963963498E+00
1118.00000 1.962900860E+00
1119.00000 1.961837026E+00
1120.00000 1.960771996E+00
1121.00000 1.959705770E+00
1122.00000 1.958638349E+00
1123.00000 1.957569733E+00
1124.00000 1.956499922E+00
1125.00000 1.955428916E+00
1126.00000 1.954356716E+00
1127.00000 1.953283323E+00
1128.00000 1.952208737E+00
1129.00000 1.951132957E+00
1130.00000 1.950055985E+00
1131.00000 1.948977821E+00
1132.00000 1.947898465E+00
1133.00000 1.946817917E+00
1134.00000 1.945736179E+00
1135.00000 1.944653250E+00
1136.00000 1.943569131E+00
1137.00000 1.942483823E+00
1138.00000 1.941397326E+00
1139.00000 1.940309639E+00
1140.00000 1.939220765E+00
1141.00000 1.938130703E+00
1142.00000 1.937039453E+00
1143.00000 1.935947017E+00
1144.00000 1.934853394E+00
1145.00000 1.933758586E+00
1146.00000 1.932662593E+00
1147.00000 1.931565414E+00
1148.00000 1.930467052E+00
1149.00000 1.929367506E+00
1150.00000 1.928266777E+00
1151.00000 1.927164865E+00
1152.00000 1.926061771E+00
1153.00000 1.924957496E+00
1154.00000 1.923852040E+00
1155.00000 1.922745404E+00
1156.00000 1.921637589E+00
1157.00000 1.920528594E+00
1158.00000 1.919418421E+00
1159.00000 1.918307070E+00
1160.00000 1.917194542E+00
1161.00000 1.916080838E+00
1162.00000 1.914965958E+00
1163.00000 1.913849902E+00
1164.00000 1.912732672E+00
1165.00000 1.911614269E+00
1166.00000 1.910494692E+00
1167.00000 1.909373943E+00
1168.00000 1.908252022E+00
1169.00000 1.907128931E+00
1170.00000 1.906004669E+00
1171.00000 1.904879237E+00
1172.00000 1.903752637E+00
1173.00000 1.902624869E+00
1174.00000 1.901495933E+00
1175.00000 1.900365832E+00
1176.00000 1.899234564E+00
1177.00000 1.898102132E+00
1178.00000 1.896968535E+00
1179.00000 1.895833775E+00
1180.00000 1.894697853E+00
1181.00000 1.893560770E+00
1182.00000 1.892422525E+00
1183.00000 1.891283121E+00
1184.00000 1.890142558E+00
1185.00000 1.889000836E+00
1186.00000 1.887857957E+00
1187.00000 1.886713922E+00
1188.00000 1.885568732E+00
1189.00000 1.884422387E+00
1190.00000 1.883274888E+00
1191.00000 1.882126237E+00
1192.00000 1.880976433E+00
1193.00000 1.879825480E+00
1194.00000 1.878673376E+00
1195.00000 1.877520123E+00
1196.00000 1.876365723E+00
1197.00000 1.875210176E+00
1198.00000 1.874053482E+00
1199.00000 1.872895645E+00
1200.00000 1.871736663E+00
1201.00000 1.870576538E+00
1202.00000 1.869415272E+00
1203.00000 1.868252866E+00
1204.00000 1.867089319E+00
1205.00000 1.865924634E+00
1206.00000 1.864758812E+00
1207.00000 1.863591854E+00
1208.00000 1.862423760E+00
1209.00000 1.861254533E+00
1210.00000 1.860084172E+00
1211.00000 1.858912680E+00
1212.00000 1.857740058E+00
1213.00000 1.856566305E+00
1214.00000 1.855391425E+00
1215.00000 1.854215418E+00
1216.00000 1.853038285E+00
1217.00000 1.851860027E+00
1218.00000 1.850680646E+00
1219.00000 1.849500143E+00
1220.00000 1.848318519E+00
1221.00000 1.847135776E+00
1222.00000 1.845951914E+00
1223.00000 1.844766936E+00
1224.00000 1.843580841E+00
1225.00000 1.842393632E+00
1226.00000 1.841205311E+00
1227.00000 1.840015877E+00
1228.00000 1.838825333E+00
1229.00000 1.837633681E+00
1230.00000 1.836440920E+00
1231.00000 1.835247054E+00
1232.00000 1.834052082E+00
1233.00000 1.832856008E+00
1234.00000 1.831658831E+00
1235.00000 1.830460554E+00
1236.00000 1.829261177E+00
1237.00000 1.828060703E+00
1238.00000 1.826859133E+00
1239.00000 1.825656468E+00
1240.00000 1.824452711E+00
1241.00000 1.823247861E+00
1242.00000 1.822041922E+00
1243.00000 1.820834893E+00
1244.00000 1.819626778E+00
1245.00000 1.818417578E+00
1246.00000 1.817207294E+00
1247.00000 1.815995927E+00
1248.00000 1.814783480E+00
1249.00000 1.813569953E+00
1250.00000 1.812355350E+00
1251.00000 1.811139670E+00
1252.00000 1.809922917E+00
1253.00000 1.808705091E+00
1254.00000 1.807486195E+00
1255.00000 1.806266229E+00
1256.00000 1.805045196E+00
1257.00000 1.803823098E+00
1258.00000 1.802599936E+00
1259.00000 1.801375712E+00
1260.00000 1.800150427E+00
1261.00000 1.798924084E+00
1262.00000 1.797696685E+00
1263.00000 1.796468230E+00
1264.00000 1.795238722E+00
1265.00000 1.794008164E+00
1266.00000 1.792776555E+00
1267.00000 1.791543900E+00
1268.00000 1.790310199E+00
1269.00000 1.789075454E+00
1270.00000 1.787839667E+00
1271.00000 1.786602841E+00
1272.00000 1.785364976E+00
1273.00000 1.784126076E+00
1274.00000 1.782886142E+00
1275.00000 1.781645175E+00
1276.00000 1.780403179E+00
1277.00000 1.779160155E+00
1278.00000 1.777916105E+00
1279.00000 1.776671031E+00
1280.00000 1.775424935E+00
1281.00000 1.774177820E+00
1282.00000 1.772929687E+00
1283.00000 1.771680538E+00
1284.00000 1.770430376E+00
1285.00000 1.769179203E+00
1286.00000 1.767927021E+00
1287.00000 1.766673831E+00
1288.00000 1.765419637E+00
1289.00000 1.764164441E+00
1290.00000 1.762908244E+00
1291.00000 1.761651049E+00
1292.00000 1.760392859E+00
1293.00000 1.759133674E+00
1294.00000 1.757873499E+00
1295.00000 1.756612334E+00
1296.00000 1.755350183E+00
1297.00000 1.754087048E+00
1298.00000 1.752822930E+00
1299.00000 1.751557833E+00
1300.00000 1.750291759E+00
1301.00000 1.749024710E+00
1302.00000 1.747756688E+00
1303.00000 1.746487697E+00
1304.00000 1.745217738E+00
1305.00000 1.743946814E+00
1306.00000 1.742674927E+00
1307.00000 1.741402080E+00
1308.00000 1.740128276E+00
1309.00000 1.738853516E+00
1310.00000 1.737577804E+00
1311.00000 1.736301142E+00
1312.00000 1.735023533E+00
1313.00000 1.733744979E+00
1314.00000 1.732465483E+00
1315.00000 1.731185047E+00
1316.00000 1.729903675E+00
1317.00000 1.728621368E+00
1318.00000 1.727338130E+00
1319.00000 1.726053963E+00
1320.00000 1.724768870E+00
1321.00000 1.723482853E+00
1322.00000 1.722195917E+00
1323.00000 1.720908062E+00
1324.00000 1.719619292E+00
1325.00000 1.718329610E+00
1326.00000 1.717039019E+00
1327.00000 1.715747521E+00
1328.00000 1.714455119E+00
1329.00000 1.713161817E+00
1330.00000 1.711867617E+00
1331.00000 1.710572522E+00
1332.00000 1.709276535E+00
1333.00000 1.707979659E+00
1334.00000 1.706681897E+00
1335.00000 1.705383252E+00
1336.00000 1.704083726E+00
1337.00000 1.702783324E+00
1338.00000 1.701482048E+00
1339.00000 1.700179900E+00
1340.00000 1.698876885E+00
1341.00000 1.697573006E+00
1342.00000 1.696268265E+00
1343.00000 1.694962665E+00
1344.00000 1.693656210E+00
1345.00000 1.692348903E+00
1346.00000 1.691040747E+00
1347.00000 1.689731745E+00
1348.00000 1.688421901E+00
1349.00000 1.687111218E+00
1350.00000 1.685799699E+00
1351.00000 1.684487348E+00
1352.00000 1.683174167E+00
1353.00000 1.681860160E+00
1354.00000 1.680545331E+00
1355.00000 1.679229683E+00
1356.00000 1.677913219E+00
1357.00000 1.676595943E+00
1358.00000 1.675277857E+00
1359.00000 1.673958967E+00
1360.00000 1.672639274E+00
1361.00000 1.671318783E+00
1362.00000 1.669997497E+00
1363.00000 1.668675420E+00
1364.00000 1.667352555E+00
1365.00000 1.666028906E+00
1366.00000 1.664704476E+00
1367.00000 1.663379269E+00
1368.00000 1.662053289E+00
1369.00000 1.660726539E+00
1370.00000 1.659399024E+00
1371.00000 1.658070746E+00
1372.00000 1.656741709E+00
1373.00000 1.655411918E+00
1374.00000 1.654081376E+00
1375.00000 1.652750087E+00
1376.00000 1.651418054E+00
1377.00000 1.650085282E+00
1378.00000 1.648751774E+00
1379.00000 1.647417534E+00
1380.00000 1.646082566E+00
1381.00000 1.644746875E+00
1382.00000 1.643410463E+00
1383.00000 1.642073336E+00
1384.00000 1.640735496E+00
1385.00000 1.639396948E+00
1386.00000 1.638057697E+00
1387.00000 1.636717745E+00
1388.00000 1.635377098E+00
1389.00000 1.634035759E+00
1390.00000 1.632693732E+00
1391.00000 1.631351021E+00
1392.00000 1.630007632E+00
1393.00000 1.628663567E+00
1394.00000 1.627318832E+00
1395.00000 1.625973429E+00
1396.00000 1.624627365E+00
1397.00000 1.623280642E+00
1398.00000 1.621933266E+00
1399.00000 1.620585240E+00
1400.00000 1.619236569E+00
1401.00000 1.617887257E+00
1402.00000 1.616537308E+00
1403.00000 1.615186728E+00
1404.00000 1.613835521E+00
1405.00000 1.612483690E+00
1406.00000 1.611131241E+00
1407.00000 1.609778178E+00
1408.00000 1.608424505E+00
1409.00000 1.607070228E+00
1410.00000 1.605715350E+00
1411.00000 1.604359877E+00
1412.00000 1.603003812E+00
1413.00000 1.601647161E+00
1414.00000 1.600289929E+00
1415.00000 1.598932119E+00
1416.00000 1.597573737E+00
1417.00000 1.596214788E+00
1418.00000 1.594855276E+00
1419.00000 1.593495206E+00
1420.00000 1.592134582E+00
1421.00000 1.590773411E+00
1422.00000 1.589411696E+00
1423.00000 1.588049443E+00
1424.00000 1.586686656E+00
1425.00000 1.585323341E+00
1426.00000 1.583959502E+00
1427.00000 1.582595144E+00
1428.00000 1.581230273E+00
1429.00000 1.579864893E+00
1430.00000 1.578499010E+00
1431.00000 1.577132628E+00
1432.00000 1.575765753E+00
1433.00000 1.574398390E+00
1434.00000 1.573030544E+00
1435.00000 1.571662221E+00
1436.00000 1.570293425E+00
1437.00000 1.568924162E+00
1438.00000 1.567554437E+00
1439.00000 1.566184255E+00
1440.00000 1.564813622E+00
1441.00000 1.563442543E+00
1442.00000 1.562071023E+00
1443.00000 1.560699069E+00
1444.00000 1.559326684E+00
1445.00000 1.557953876E+00
1446.00000 1.556580648E+00
1447.00000 1.555207007E+00
1448.00000 1.553832959E+00
1449.00000 1.552458509E+00
1450.00000 1.551083661E+00
1451.00000 1.549708423E+00
1452.00000 1.548332800E+00
1453.00000 1.546956797E+00
1454.00000 1.545580420E+00
1455.00000 1.544203675E+00
1456.00000 1.542826568E+00
1457.00000 1.541449104E+00
1458.00000 1.540071289E+00
1459.00000 1.538693128E+00
1460.00000 1.537314629E+00
1461.00000 1.535935797E+00
1462.00000 1.534556637E+00
1463.00000 1.533177156E+00
1464.00000 1.531797359E+00
1465.00000 1.530417253E+00
1466.00000 1.529036843E+00
1467.00000 1.527656136E+00
1468.00000 1.526275138E+00
1469.00000 1.524893854E+00
1470.00000 1.523512292E+00
1471.00000 1.522130456E+00
1472.00000 1.520748354E+00
1473.00000 1.519365991E+00
1474.00000 1.517983374E+00
1475.00000 1.516600509E+00
1476.00000 1.515217402E+00
1477.00000 1.513834060E+00
1478.00000 1.512450489E+00
1479.00000 1.511066696E+00
1480.00000 1.509682686E+00
1481.00000 1.508298466E+00
1482.00000 1.506914043E+00
1483.00000 1.505529423E+00
1484.00000 1.504144613E+00
1485.00000 1.502759620E+00
1486.00000 1.501374449E+00
1487.00000 1.499989108E+00
1488.00000 1.498603602E+00
1489.00000 1.497217940E+00
1490.00000 1.495832127E+00
1491.00000 1.494446170E+00
1492.00000 1.493060076E+00
1493.00000 1.491673852E+00
1494.00000 1.490287505E+00
1495.00000 1.488901041E+00
1496.00000 1.487514467E+00
1497.00000 1.486127790E+00
1498.00000 1.484741018E+00
1499.00000 1.483354156E+00
1500.00000 1.481967213E+00
1501.00000 1.480580195E+00
1502.00000 1.479193109E+00
1503.00000 1.477805962E+00
1504.00000 1.476418761E+00
1505.00000 1.475031514E+00
1506.00000 1.473644227E+00
1507.00000 1.472256908E+00
1508.00000 1.470869565E+00
1509.00000 1.469482203E+00
1510.00000 1.468094831E+00
1511.00000 1.466707456E+00
1512.00000 1.465320085E+00
1513.00000 1.463932726E+00
1514.00000 1.462545386E+00
1515.00000 1.461158072E+00
1516.00000 1.459770792E+00
1517.00000 1.458383554E+00
1518.00000 1.456996364E+00
1519.00000 1.455609231E+00
1520.00000 1.454222162E+00
1521.00000 1.452835165E+00
1522.00000 1.451448247E+00
1523.00000 1.450061416E+00
1524.00000 1.448674680E+00
1525.00000 1.447288046E+00
1526.00000 1.445901522E+00
1527.00000 1.444515116E+00
1528.00000 1.443128837E+00
1529.00000 1.441742691E+00
1530.00000 1.440356686E+00
1531.00000 1.438970831E+00
1532.00000 1.437585133E+00
1533.00000 1.436199601E+00
1534.00000 1.434814242E+00
1535.00000 1.433429065E+00
1536.00000 1.432044078E+00
1537.00000 1.430659288E+00
1538.00000 1.429274703E+00
1539.00000 1.427890333E+00
1540.00000 1.426506185E+00
1541.00000 1.425122267E+00
1542.00000 1.423738588E+00
1543.00000 1.422355156E+00
1544.00000 1.420971980E+00
1545.00000 1.419589067E+00
1546.00000 1.418206425E+00
1547.00000 1.416824065E+00
1548.00000 1.415441993E+00
1549.00000 1.414060219E+00
1550.00000 1.412678750E+00
1551.00000 1.411297596E+00
1552.00000 1.409916765E+00
1553.00000 1.408536265E+00
1554.00000 1.407156106E+00
1555.00000 1.405776295E+00
1556.00000 1.404396842E+00
1557.00000 1.403017756E+00
1558.00000 1.401639044E+00
1559.00000 1.400260717E+00
1560.00000 1.398882782E+00
1561.00000 1.397505249E+00
1562.00000 1.396128126E+00
1563.00000 1.394751422E+00
1564.00000 1.393375147E+00
1565.00000 1.391999309E+00
1566.00000 1.390623918E+00
1567.00000 1.389248981E+00
1568.00000 1.387874510E+00
1569.00000 1.386500512E+00
1570.00000 1.385126996E+00
1571.00000 1.383753972E+00
1572.00000 1.382381450E+00
1573.00000 1.381009438E+00
1574.00000 1.379637945E+00
1575.00000 1.378266981E+00
1576.00000 1.376896556E+00
1577.00000 1.375526678E+00
1578.00000 1.374157357E+00
1579.00000 1.372788602E+00
1580.00000 1.371420423E+00
1581.00000 1.370052830E+00
1582.00000 1.368685832E+00
1583.00000 1.367319438E+00
1584.00000 1.365953658E+00
1585.00000 1.364588501E+00
1586.00000 1.363223978E+00
1587.00000 1.361860098E+00
1588.00000 1.360496871E+00
1589.00000 1.359134306E+00
1590.00000 1.357772413E+00
1591.00000 1.356411203E+00
1592.00000 1.355050684E+00
1593.00000 1.353690867E+00
1594.00000 1.352331762E+00
1595.00000 1.350973378E+00
1596.00000 1.349615726E+00
1597.00000 1.348258816E+00
1598.00000 1.346902657E+00
1599.00000 1.345547260E+00
1600.00000 1.344192635E+00
1601.00000 1.342838791E+00
1602.00000 1.341485740E+00
1603.00000 1.340133491E+00
1604.00000 1.338782054E+00
1605.00000 1.337431441E+00
1606.00000 1.336081660E+00
1607.00000 1.334732723E+00
1608.00000 1.333384639E+00
1609.00000 1.332037420E+00
1610.00000 1.330691075E+00
1611.00000 1.329345615E+00
1612.00000 1.328001051E+00
1613.00000 1.326657392E+00
1614.00000 1.325314650E+00
1615.00000 1.323972836E+00
1616.00000 1.322631959E+00
1617.00000 1.321292030E+00
1618.00000 1.319953060E+00
1619.00000 1.318615061E+00
1620.00000 1.317278041E+00
1621.00000 1.315942013E+00
1622.00000 1.314606987E+00
1623.00000 1.313272974E+00
1624.00000 1.311939984E+00
1625.00000 1.310608030E+00
1626.00000 1.309277120E+00
1627.00000 1.307947267E+00
1628.00000 1.306618482E+00
1629.00000 1.305290775E+00
1630.00000 1.303964158E+00
1631.00000 1.302638642E+00
1632.00000 1.301314237E+00
1633.00000 1.299990955E+00
1634.00000 1.298668807E+00
1635.00000 1.297347805E+00
1636.00000 1.296027959E+00
1637.00000 1.294709281E+00
1638.00000 1.293391781E+00
1639.00000 1.292075473E+00
1640.00000 1.290760366E+00
1641.00000 1.289446472E+00
1642.00000 1.288133803E+00
1643.00000 1.286822370E+00
1644.00000 1.285512184E+00
1645.00000 1.284203258E+00
1646.00000 1.282895602E+00
1647.00000 1.281589228E+00
1648.00000 1.280284148E+00
1649.00000 1.278980373E+00
1650.00000 1.277677916E+00
1651.00000 1.276376787E+00
1652.00000 1.275076999E+00
1653.00000 1.273778563E+00
1654.00000 1.272481491E+00
1655.00000 1.271185795E+00
1656.00000 1.269891487E+00
1657.00000 1.268598578E+00
1658.00000 1.267307081E+00
1659.00000 1.266017007E+00
1660.00000 1.264728369E+00
1661.00000 1.263441178E+00
1662.00000 1.262155446E+00
1663.00000 1.260871186E+00
1664.00000 1.259588410E+00
1665.00000 1.258307129E+00
1666.00000 1.257027356E+00
1667.00000 1.255749103E+00
1668.00000 1.254472382E+00
1669.00000 1.253197206E+00
1670.00000 1.251923586E+00
1671.00000 1.250651536E+00
1672.00000 1.249381066E+00
1673.00000 1.248112191E+00
1674.00000 1.246844921E+00
1675.00000 1.245579270E+00
1676.00000 1.244315250E+00
1677.00000 1.243052873E+00
1678.00000 1.241792152E+00
1679.00000 1.240533099E+00
1680.00000 1.239275727E+00
1681.00000 1.238020049E+00
1682.00000 1.236766077E+00
1683.00000 1.235513823E+00
1684.00000 1.234263301E+00
1685.00000 1.233014523E+00
1686.00000 1.231767501E+00
1687.00000 1.230522249E+00
1688.00000 1.229278779E+00
1689.00000 1.228037105E+00
1690.00000 1.226797238E+00
1691.00000 1.225559192E+00
1692.00000 1.224322980E+00
1693.00000 1.223088614E+00
1694.00000 1.221856107E+00
1695.00000 1.220625473E+00
1696.00000 1.219396725E+00
1697.00000 1.218169874E+00
1698.00000 1.216944935E+00
1699.00000 1.215721921E+00
1700.00000 1.214500844E+00
1701.00000 1.213281718E+00
1702.00000 1.212064556E+00
1703.00000 1.210849371E+00
1704.00000 1.209636176E+00
1705.00000 1.208424984E+00
1706.00000 1.207215809E+00
1707.00000 1.206008664E+00
1708.00000 1.204803562E+00
1709.00000 1.203600516E+00
1710.00000 1.202399541E+00
1711.00000 1.201200648E+00
1712.00000 1.200003853E+00
1713.00000 1.198809167E+00
1714.00000 1.197616605E+00
1715.00000 1.196426179E+00
1716.00000 1.195237904E+00
1717.00000 1.194051793E+00
1718.00000 1.192867860E+00
1719.00000 1.191686117E+00
1720.00000 1.190506579E+00
1721.00000 1.189329260E+00
1722.00000 1.188154172E+00
1723.00000 1.186981329E+00
1724.00000 1.185810746E+00
1725.00000 1.184642435E+00
1726.00000 1.183476411E+00
1727.00000 1.182312688E+00
1728.00000 1.181151278E+00
1729.00000 1.179992196E+00
1730.00000 1.178835456E+00
1731.00000 1.177681071E+00
1732.00000 1.176529056E+00
1733.00000 1.175379424E+00
1734.00000 1.174232188E+00
1735.00000 1.173087364E+00
1736.00000 1.171944965E+00
1737.00000 1.170805005E+00
1738.00000 1.169667497E+00
1739.00000 1.168532456E+00
1740.00000 1.167399896E+00
1741.00000 1.166269831E+00
1742.00000 1.165142275E+00
1743.00000 1.164017242E+00
1744.00000 1.162894746E+00
1745.00000 1.161774801E+00
1746.00000 1.160657421E+00
1747.00000 1.159542621E+00
1748.00000 1.158430415E+00
1749.00000 1.157320816E+00
1750.00000 1.156213839E+00
1751.00000 1.155109499E+00
1752.00000 1.154007809E+00
1753.00000 1.152908784E+00
1754.00000 1.151812438E+00
1755.00000 1.150718785E+00
1756.00000 1.149627839E+00
1757.00000 1.148539616E+00
1758.00000 1.147454129E+00
1759.00000 1.146371392E+00
1760.00000 1.145291421E+00
1761.00000 1.144214229E+00
1762.00000 1.143139830E+00
1763.00000 1.142068240E+00
1764.00000 1.140999473E+00
1765.00000 1.139933542E+00
1766.00000 1.138870463E+00
1767.00000 1.137810250E+00
1768.00000 1.136752918E+00
1769.00000 1.135698481E+00
1770.00000 1.134646953E+00
1771.00000 1.133598349E+00
1772.00000 1.132552684E+00
1773.00000 1.131509972E+00
1774.00000 1.130470228E+00
1775.00000 1.129433467E+00
1776.00000 1.128399702E+00
1777.00000 1.127368949E+00
1778.00000 1.126341222E+00
1779.00000 1.125316535E+00
1780.00000 1.124294905E+00
1781.00000 1.123276344E+00
1782.00000 1.122260868E+00
1783.00000 1.121248492E+00
1784.00000 1.120239230E+00
1785.00000 1.119233097E+00
1786.00000 1.118230107E+00
1787.00000 1.117230276E+00
1788.00000 1.116233618E+00
1789.00000 1.115240147E+00
1790.00000 1.114249879E+00
1791.00000 1.113262828E+00
1792.00000 1.112279010E+00
1793.00000 1.111298438E+00
1794.00000 1.110321128E+00
1795.00000 1.109347094E+00
1796.00000 1.108376352E+00
1797.00000 1.107408915E+00
1798.00000 1.106444800E+00
1799.00000 1.105484020E+00
1800.00000 1.104526590E+00
1801.00000 1.103572526E+00
1802.00000 1.102621842E+00
1803.00000 1.101674553E+00
1804.00000 1.100730673E+00
1805.00000 1.099790219E+00
1806.00000 1.098853204E+00
1807.00000 1.097919643E+00
1808.00000 1.096989552E+00
1809.00000 1.096062945E+00
1810.00000 1.095139837E+00
1811.00000 1.094220242E+00
1812.00000 1.093304177E+00
1813.00000 1.092391655E+00
1814.00000 1.091482692E+00
1815.00000 1.090577302E+00
1816.00000 1.089675501E+00
1817.00000 1.088777303E+00
1818.00000 1.087882723E+00
1819.00000 1.086991775E+00
1820.00000 1.086104476E+00
1821.00000 1.085220840E+00
1822.00000 1.084340881E+00
1823.00000 1.083464615E+00
1824.00000 1.082592057E+00
1825.00000 1.081723221E+00
1826.00000 1.080858122E+00
1827.00000 1.079996775E+00
1828.00000 1.079139195E+00
1829.00000 1.078285398E+00
1830.00000 1.077435397E+00
1831.00000 1.076589208E+00
1832.00000 1.075746845E+00
1833.00000 1.074908324E+00
1834.00000 1.074073659E+00
1835.00000 1.073242866E+00
1836.00000 1.072415958E+00
1837.00000 1.071592952E+00
1838.00000 1.070773861E+00
1839.00000 1.069958701E+00
1840.00000 1.069147486E+00
1841.00000 1.068340232E+00
1842.00000 1.067536953E+00
1843.00000 1.066737663E+00
1844.00000 1.065942379E+00
1845.00000 1.065151114E+00
1846.00000 1.064363884E+00
1847.00000 1.063580702E+00
1848.00000 1.062801585E+00
1849.00000 1.062026547E+00
1850.00000 1.061255602E+00
1851.00000 1.060488765E+00
1852.00000 1.059726051E+00
1853.00000 1.058967475E+00
1854.00000 1.058213052E+00
1855.00000 1.057462795E+00
1856.00000 1.056716721E+00
1857.00000 1.055974843E+00
1858.00000 1.055237177E+00
1859.00000 1.054503736E+00
1860.00000 1.053774537E+00
1861.00000 1.053049592E+00
1862.00000 1.052328917E+00
1863.00000 1.051612527E+00
1864.00000 1.050900436E+00
1865.00000 1.050192659E+00
1866.00000 1.049489210E+00
1867.00000 1.048790104E+00
1868.00000 1.048095355E+00
1869.00000 1.047404978E+00
1870.00000 1.046718988E+00
1871.00000 1.046037398E+00
1872.00000 1.045360224E+00
1873.00000 1.044687480E+00
1874.00000 1.044019180E+00
1875.00000 1.043355339E+00
1876.00000 1.042695971E+00
1877.00000 1.042041091E+00
1878.00000 1.041390713E+00
1879.00000 1.040744851E+00
1880.00000 1.040103519E+00
1881.00000 1.039466732E+00
1882.00000 1.038834505E+00
1883.00000 1.038206851E+00
1884.00000 1.037583785E+00
1885.00000 1.036965321E+00
1886.00000 1.036351473E+00
1887.00000 1.035742255E+00
1888.00000 1.035137682E+00
1889.00000 1.034537767E+00
1890.00000 1.033942525E+00
1891.00000 1.033351971E+00
1892.00000 1.032766117E+00
1893.00000 1.032184977E+00
1894.00000 1.031608567E+00
1895.00000 1.031036900E+00
1896.00000 1.030469990E+00
1897.00000 1.029907851E+00
1898.00000 1.029350496E+00
1899.00000 1.028797940E+00
1900.00000 1.028250197E+00
1901.00000 1.027707279E+00
1902.00000 1.027169202E+00
1903.00000 1.026635979E+00
1904.00000 1.026107624E+00
1905.00000 1.025584150E+00
1906.00000 1.025065571E+00
1907.00000 1.024551901E+00
1908.00000 1.024043153E+00
1909.00000 1.023539340E+00
1910.00000 1.023040478E+00
1911.00000 1.022546578E+00
1912.00000 1.022057655E+00
1913.00000 1.021573722E+00
1914.00000 1.021094792E+00
1915.00000 1.020620879E+00
1916.00000 1.020151996E+00
1917.00000 1.019688157E+00
1918.00000 1.019229374E+00
1919.00000 1.018775661E+00
1920.00000 1.018327032E+00
1921.00000 1.017883499E+00
1922.00000 1.017445075E+00
1923.00000 1.017011775E+00
1924.00000 1.016583610E+00
1925.00000 1.016160594E+00
1926.00000 1.015742739E+00
1927.00000 1.015330060E+00
1928.00000 1.014922568E+00
1929.00000 1.014520277E+00
1930.00000 1.014123199E+00
1931.00000 1.013731348E+00
1932.00000 1.013344735E+00
1933.00000 1.012963374E+00
1934.00000 1.012587278E+00
1935.00000 1.012216459E+00
1936.00000 1.011850929E+00
1937.00000 1.011490702E+00
1938.00000 1.011135789E+00
1939.00000 1.010786204E+00
1940.00000 1.010441958E+00
1941.00000 1.010103065E+00
1942.00000 1.009769535E+00
1943.00000 1.009441383E+00
1944.00000 1.009118619E+00
1945.00000 1.008801257E+00
1946.00000 1.008489307E+00
1947.00000 1.008182784E+00
1948.00000 1.007881697E+00
1949.00000 1.007586061E+00
1950.00000 1.007295885E+00
1951.00000 1.007011183E+00
1952.00000 1.006731967E+00
1953.00000 1.006458247E+00
1954.00000 1.006190037E+00
1955.00000 1.005927347E+00
1956.00000 1.005670189E+00
1957.00000 1.005418576E+00
1958.00000 1.005172518E+00
1959.00000 1.004932027E+00
1960.00000 1.004697114E+00
1961.00000 1.004467792E+00
1962.00000 1.004244070E+00
1963.00000 1.004025962E+00
1964.00000 1.003813477E+00
1965.00000 1.003606628E+00
1966.00000 1.003405425E+00
1967.00000 1.003209879E+00
1968.00000 1.003020001E+00
1969.00000 1.002835804E+00
1970.00000 1.002657296E+00
1971.00000 1.002484490E+00
1972.00000 1.002317396E+00
1973.00000 1.002156025E+00
1974.00000 1.002000387E+00
1975.00000 1.001850494E+00
1976.00000 1.001706355E+00
1977.00000 1.001567982E+00
1978.00000 1.001435385E+00
1979.00000 1.001308574E+00
1980.00000 1.001187560E+00
1981.00000 1.001072352E+00
1982.00000 1.000962962E+00
1983.00000 1.000859400E+00
1984.00000 1.000761675E+00
1985.00000 1.000669797E+00
1986.00000 1.000583778E+00
1987.00000 1.000503625E+00
1988.00000 1.000429350E+00
1989.00000 1.000360963E+00
1990.00000 1.000298472E+00
1991.00000 1.000241888E+00
1992.00000 1.000191221E+00
1993.00000 1.000146479E+00
1994.00000 1.000107672E+00
1995.00000 1.000074811E+00
1996.00000 1.000047903E+00
1997.00000 1.000026959E+00
1998.00000 1.000011988E+00
1999.00000 1.000002998E+00
2000.00000 1.000000000E+00
2001.00000 1.000003001E+00
2002.00000 1.000012012E+00
2003.00000 1.000027040E+00
2004.00000 1.000048095E+00
2005.00000 1.000075186E+00
2006.00000 1.000108320E+00
2007.00000 1.000147508E+00
2008.00000 1.000192756E+00
2009.00000 1.000244075E+00
2010.00000 1.000301472E+00
2011.00000 1.000364955E+00
2012.00000 1.000434533E+00
2013.00000 1.000510214E+00
2014.00000 1.000592006E+00
2015.00000 1.000679918E+00
2016.00000 1.000773957E+00
2017.00000 1.000874130E+00
2018.00000 1.000980447E+00
2019.00000 1.001092915E+00
2020.00000 1.001211541E+00
2021.00000 1.001336332E+00
2022.00000 1.001467298E+00
2023.00000 1.001604444E+00
2024.00000 1.001747779E+00
2025.00000 1.001897310E+00
2026.00000 1.002053044E+00
2027.00000 1.002214988E+00
2028.00000 1.002383149E+00
2029.00000 1.002557534E+00
2030.00000 1.002738150E+00
2031.00000 1.002925005E+00
2032.00000 1.003118104E+00
2033.00000 1.003317455E+00
2034.00000 1.003523064E+00
2035.00000 1.003734938E+00
2036.00000 1.003953083E+00
2037.00000 1.004177506E+00
2038.00000 1.004408212E+00
2039.00000 1.004645208E+00
2040.00000 1.004888501E+00
2041.00000 1.005138096E+00
2042.00000 1.005394000E+00
2043.00000 1.005656217E+00
2044.00000 1.005924755E+00
2045.00000 1.006199618E+00
2046.00000 1.006480813E+00
2047.00000 1.006768345E+00
2048.00000 1.007062219E+00
2049.00000 1.007362441E+00
2050.00000 1.007669017E+00
2051.00000 1.007981951E+00
2052.00000 1.008301249E+00
2053.00000 1.008626916E+00
2054.00000 1.008958956E+00
2055.00000 1.009297375E+00
2056.00000 1.009642178E+00
2057.00000 1.009993368E+00
2058.00000 1.010350952E+00
2059.00000 1.010714933E+00
2060.00000 1.011085317E+00
2061.00000 1.011462106E+00
2062.00000 1.011845307E+00
2063.00000 1.012234922E+00
2064.00000 1.012630957E+00
2065.00000 1.013033414E+00
2066.00000 1.013442299E+00
2067.00000 1.013857615E+00
2068.00000 1.014279365E+00
2069.00000 1.014707554E+00
2070.00000 1.015142186E+00
2071.00000 1.015583263E+00
2072.00000 1.016030789E+00
2073.00000 1.016484767E+00
2074.00000 1.016945202E+00
2075.00000 1.017412095E+00
2076.00000 1.017885450E+00
2077.00000 1.018365270E+00
2078.00000 1.018851559E+00
2079.00000 1.019344318E+00
2080.00000 1.019843551E+00
2081.00000 1.020349259E+00
2082.00000 1.020861447E+00
2083.00000 1.021380115E+00
2084.00000 1.021905268E+00
2085.00000 1.022436906E+00
2086.00000 1.022975032E+00
2087.00000 1.023519648E+00
2088.00000 1.024070756E+00
2089.00000 1.024628359E+00
2090.00000 1.025192457E+00
2091.00000 1.025763053E+00
2092.00000 1.026340148E+00
2093.00000 1.026923744E+00
2094.00000 1.027513842E+00
2095.00000 1.028110444E+00
2096.00000 1.028713551E+00
2097.00000 1.029323164E+00
2098.00000 1.029939284E+00
2099.00000 1.030561912E+00
2100.00000 1.031191049E+00
2101.00000 1.031826696E+00
2102.00000 1.032468854E+00
2103.00000 1.033117523E+00
2104.00000 1.033772704E+00
2105.00000 1.034434396E+00
2106.00000 1.035102602E+00
2107.00000 1.035777320E+00
2108.00000 1.036458551E+00
2109.00000 1.037146295E+00
2110.00000 1.037840552E+00
2111.00000 1.038541322E+00
2112.00000 1.039248604E+00
2113.00000 1.039962399E+00
2114.00000 1.040682706E+00
2115.00000 1.041409523E+00
2116.00000 1.042142852E+00
2117.00000 1.042882691E+00
2118.00000 1.043629039E+00
2119.00000 1.044381895E+00
2120.00000 1.045141259E+00
2121.00000 1.045907129E+00
2122.00000 1.046679504E+00
2123.00000 1.047458383E+00
2124.00000 1.048243765E+00
2125.00000 1.049035647E+00
2126.00000 1.049834029E+00
2127.00000 1.050638909E+00
2128.00000 1.051450285E+00
2129.00000 1.052268156E+00
2130.00000 1.053092518E+00
2131.00000 1.053923371E+00
2132.00000 1.054760713E+00
2133.00000 1.055604540E+00
2134.00000 1.056454850E+00
2135.00000 1.057311642E+00
2136.00000 1.058174913E+00
2137.00000 1.059044660E+00
2138.00000 1.059920880E+00
2139.00000 1.060803570E+00
2140.00000 1.061692729E+00
2141.00000 1.062588352E+00
2142.00000 1.063490437E+00
2143.00000 1.064398980E+00
2144.00000 1.065313978E+00
2145.00000 1.066235429E+00
2146.00000 1.067163327E+00
2147.00000 1.068097671E+00
2148.00000 1.069038455E+00
2149.00000 1.069985677E+00
2150.00000 1.070939332E+00
2151.00000 1.071899417E+00
2152.00000 1.072865928E+00
2153.00000 1.073838859E+00
2154.00000 1.074818208E+00
2155.00000 1.075803970E+00
2156.00000 1.076796141E+00
2157.00000 1.077794715E+00
2158.00000 1.078799688E+00
2159.00000 1.079811056E+00
2160.00000 1.080828814E+00
2161.00000 1.081852957E+00
2162.00000 1.082883480E+00
2163.00000 1.083920377E+00
2164.00000 1.084963644E+00
2165.00000 1.086013275E+00
2166.00000 1.087069266E+00
2167.00000 1.088131610E+00
2168.00000 1.089200302E+00
2169.00000 1.090275336E+00
2170.00000 1.091356706E+00
2171.00000 1.092444408E+00
2172.00000 1.093538434E+00
2173.00000 1.094638779E+00
2174.00000 1.095745437E+00
2175.00000 1.096858401E+00
2176.00000 1.097977665E+00
2177.00000 1.099103222E+00
2178.00000 1.100235067E+00
2179.00000 1.101373193E+00
2180.00000 1.102517593E+00
2181.00000 1.103668259E+00
2182.00000 1.104825186E+00
2183.00000 1.105988366E+00
2184.00000 1.107157793E+00
2185.00000 1.108333459E+00
2186.00000 1.109515356E+00
2187.00000 1.110703478E+00
2188.00000 1.111897818E+00
2189.00000 1.113098367E+00
2190.00000 1.114305118E+00
2191.00000 1.115518063E+00
2192.00000 1.116737195E+00
2193.00000 1.117962505E+00
2194.00000 1.119193986E+00
2195.00000 1.120431630E+00
2196.00000 1.121675428E+00
2197.00000 1.122925373E+00
2198.00000 1.124181456E+00
2199.00000 1.125443668E+00
2200.00000 1.126712001E+00
2201.00000 1.127986446E+00
2202.00000 1.129266995E+00
2203.00000 1.130553640E+00
2204.00000 1.131846370E+00
2205.00000 1.133145177E+00
2206.00000 1.134450053E+00
2207.00000 1.135760987E+00
2208.00000 1.137077972E+00
2209.00000 1.138400996E+00
2210.00000 1.139730052E+00
2211.00000 1.141065130E+00
2212.00000 1.142406219E+00
2213.00000 1.143753311E+00
2214.00000 1.145106396E+00
2215.00000 1.146465463E+00
2216.00000 1.147830503E+00
2217.00000 1.149201506E+00
2218.00000 1.150578462E+00
2219.00000 1.151961361E+00
2220.00000 1.153350192E+00
2221.00000 1.154744946E+00
2222.00000 1.156145611E+00
2223.00000 1.157552177E+00
2224.00000 1.158964634E+00
2225.00000 1.160382970E+00
2226.00000 1.161807176E+00
2227.00000 1.163237240E+00
2228.00000 1.164673152E+00
2229.00000 1.166114900E+00
2230.00000 1.167562474E+00
2231.00000 1.169015862E+00
2232.00000 1.170475052E+00
2233.00000 1.171940035E+00
2234.00000 1.173410797E+00
2235.00000 1.174887329E+00
2236.00000 1.176369617E+00
2237.00000 1.177857651E+00
2238.00000 1.179351419E+00
2239.00000 1.180850909E+00
2240.00000 1.182356109E+00
2241.00000 1.183867008E+00
2242.00000 1.185383592E+00
2243.00000 1.186905850E+00
2244.00000 1.188433771E+00
2245.00000 1.189967340E+00
2246.00000 1.191506548E+00
2247.00000 1.193051379E+00
2248.00000 1.194601824E+00
2249.00000 1.196157867E+00
2250.00000 1.197719498E+00
2251.00000 1.199286704E+00
2252.00000 1.200859470E+00
2253.00000 1.202437786E+00
2254.00000 1.204021637E+00
2255.00000 1.205611011E+00
2256.00000 1.207205894E+00
2257.00000 1.208806274E+00
2258.00000 1.210412138E+00
2259.00000 1.212023471E+00
2260.00000 1.213640260E+00
2261.00000 1.215262493E+00
2262.00000 1.216890155E+00
2263.00000 1.218523233E+00
2264.00000 1.220161713E+00
2265.00000 1.221805582E+00
2266.00000 1.223454825E+00
2267.00000 1.225109429E+00
2268.00000 1.226769380E+00
2269.00000 1.228434664E+00
2270.00000 1.230105267E+00
2271.00000 1.231781175E+00
2272.00000 1.233462373E+00
2273.00000 1.235148847E+00
2274.00000 1.236840582E+00
2275.00000 1.238537566E+00
2276.00000 1.240239782E+00
2277.00000 1.241947216E+00
2278.00000 1.243659854E+00
2279.00000 1.245377682E+00
2280.00000 1.247100683E+00
2281.00000 1.248828844E+00
2282.00000 1.250562150E+00
2283.00000 1.252300586E+00
2284.00000 1.254044136E+00
2285.00000 1.255792786E+00
2286.00000 1.257546520E+00
2287.00000 1.259305324E+00
2288.00000 1.261069182E+00
2289.00000 1.262838079E+00
2290.00000 1.264612000E+00
2291.00000 1.266390928E+00
2292.00000 1.268174850E+00
2293.00000 1.269963748E+00
2294.00000 1.271757608E+00
2295.00000 1.273556414E+00
2296.00000 1.275360150E+00
2297.00000 1.277168800E+00
2298.00000 1.278982349E+00
2299.00000 1.280800781E+00
2300.00000 1.282624079E+00
2301.00000 1.284452229E+00
2302.00000 1.286285213E+00
2303.00000 1.288123016E+00
2304.00000 1.289965621E+00
2305.00000 1.291813013E+00
2306.00000 1.293665175E+00
2307.00000 1.295522090E+00
2308.00000 1.297383744E+00
2309.00000 1.299250118E+00
2310.00000 1.301121197E+00
2311.00000 1.302996964E+00
2312.00000 1.304877402E+00
2313.00000 1.306762496E+00
2314.00000 1.308652227E+00
2315.00000 1.310546581E+00
2316.00000 1.312445539E+00
2317.00000 1.314349085E+00
2318.00000 1.316257203E+00
2319.00000 1.318169874E+00
2320.00000 1.320087084E+00
2321.00000 1.322008813E+00
2322.00000 1.323935046E+00
2323.00000 1.325865765E+00
2324.00000 1.327800954E+00
2325.00000 1.329740594E+00
2326.00000 1.331684670E+00
2327.00000 1.333633163E+00
2328.00000 1.335586056E+00
2329.00000 1.337543332E+00
2330.00000 1.339504974E+00
2331.00000 1.341470964E+00
2332.00000 1.343441285E+00
2333.00000 1.345415919E+00
2334.00000 1.347394848E+00
2335.00000 1.349378056E+00
2336.00000 1.351365524E+00
2337.00000 1.353357236E+00
2338.00000 1.355353172E+00
2339.00000 1.357353316E+00
2340.00000 1.359357650E+00
2341.00000 1.361366156E+00
2342.00000 1.363378815E+00
2343.00000 1.365395611E+00
2344.00000 1.367416526E+00
2345.00000 1.369441541E+00
2346.00000 1.371470638E+00
2347.00000 1.373503800E+00
2348.00000 1.375541008E+00
2349.00000 1.377582244E+00
2350.00000 1.379627491E+00
2351.00000 1.381676730E+00
2352.00000 1.383729942E+00
2353.00000 1.385787111E+00
2354.00000 1.387848217E+00
2355.00000 1.389913243E+00
2356.00000 1.391982169E+00
2357.00000 1.394054978E+00
2358.00000 1.396131652E+00
2359.00000 1.398212171E+00
2360.00000 1.400296519E+00
2361.00000 1.402384675E+00
2362.00000 1.404476622E+00
2363.00000 1.406572342E+00
2364.00000 1.408671815E+00
2365.00000 1.410775024E+00
2366.00000 1.412881950E+00
2367.00000 1.414992573E+00
2368.00000 1.417106877E+00
2369.00000 1.419224841E+00
2370.00000 1.421346448E+00
2371.00000 1.423471678E+00
2372.00000 1.425600514E+00
2373.00000 1.427732936E+00
2374.00000 1.429868925E+00
2375.00000 1.432008464E+00
2376.00000 1.434151532E+00
2377.00000 1.436298112E+00
2378.00000 1.438448185E+00
2379.00000 1.440601731E+00
2380.00000 1.442758733E+00
2381.00000 1.444919170E+00
2382.00000 1.447083025E+00
2383.00000 1.449250278E+00
2384.00000 1.451420911E+00
2385.00000 1.453594904E+00
2386.00000 1.455772239E+00
2387.00000 1.457952896E+00
2388.00000 1.460136857E+00
2389.00000 1.462324104E+00
2390.00000 1.464514616E+00
2391.00000 1.466708374E+00
2392.00000 1.468905361E+00
2393.00000 1.471105557E+00
2394.00000 1.473308942E+00
2395.00000 1.475515498E+00
2396.00000 1.477725206E+00
2397.00000 1.479938047E+00
2398.00000 1.482154001E+00
2399.00000 1.484373050E+00
2400.00000 1.486595174E+00
2401.00000 1.488820355E+00
2402.00000 1.491048573E+00
2403.00000 1.493279809E+00
2404.00000 1.495514045E+00
2405.00000 1.497751260E+00
2406.00000 1.499991437E+00
2407.00000 1.502234555E+00
2408.00000 1.504480596E+00
2409.00000 1.506729540E+00
2410.00000 1.508981369E+00
2411.00000 1.511236063E+00
2412.00000 1.513493603E+00
2413.00000 1.515753970E+00
2414.00000 1.518017145E+00
2415.00000 1.520283109E+00
2416.00000 1.522551842E+00
2417.00000 1.524823326E+00
2418.00000 1.527097541E+00
2419.00000 1.529374468E+00
2420.00000 1.531654089E+00
2421.00000 1.533936383E+00
2422.00000 1.536221331E+00
2423.00000 1.538508916E+00
2424.00000 1.540799116E+00
2425.00000 1.543091914E+00
2426.00000 1.545387291E+00
2427.00000 1.547685226E+00
2428.00000 1.549985701E+00
2429.00000 1.552288697E+00
2430.00000 1.554594195E+00
2431.00000 1.556902176E+00
2432.00000 1.559212620E+00
2433.00000 1.561525508E+00
2434.00000 1.563840822E+00
2435.00000 1.566158542E+00
2436.00000 1.568478649E+00
2437.00000 1.570801125E+00
2438.00000 1.573125949E+00
2439.00000 1.575453104E+00
2440.00000 1.577782569E+00
2441.00000 1.580114327E+00
2442.00000 1.582448357E+00
2443.00000 1.584784642E+00
2444.00000 1.587123161E+00
2445.00000 1.589463896E+00
2446.00000 1.591806829E+00
2447.00000 1.594151939E+00
2448.00000 1.596499209E+00
2449.00000 1.598848619E+00
2450.00000 1.601200150E+00
2451.00000 1.603553783E+00
2452.00000 1.605909500E+00
2453.00000 1.608267281E+00
2454.00000 1.610627108E+00
2455.00000 1.612988962E+00
2456.00000 1.615352824E+00
2457.00000 1.617718676E+00
2458.00000 1.620086498E+00
2459.00000 1.622456271E+00
2460.00000 1.624827977E+00
2461.00000 1.627201598E+00
2462.00000 1.629577113E+00
2463.00000 1.631954506E+00
2464.00000 1.634333756E+00
2465.00000 1.636714846E+00
2466.00000 1.639097757E+00
2467.00000 1.641482469E+00
2468.00000 1.643868965E+00
2469.00000 1.646257226E+00
2470.00000 1.648647233E+00
2471.00000 1.651038967E+00
2472.00000 1.653432411E+00
2473.00000 1.655827545E+00
2474.00000 1.658224352E+00
2475.00000 1.660622812E+00
2476.00000 1.663022908E+00
2477.00000 1.665424620E+00
2478.00000 1.667827931E+00
2479.00000 1.670232822E+00
2480.00000 1.672639274E+00
2481.00000 1.675047270E+00
2482.00000 1.677456791E+00
2483.00000 1.679867819E+00
2484.00000 1.682280335E+00
2485.00000 1.684694322E+00
2486.00000 1.687109760E+00
2487.00000 1.689526633E+00
2488.00000 1.691944922E+00
2489.00000 1.694364608E+00
2490.00000 1.696785674E+00
2491.00000 1.699208101E+00
2492.00000 1.701631872E+00
2493.00000 1.704056968E+00
2494.00000 1.706483372E+00
2495.00000 1.708911065E+00
2496.00000 1.711340030E+00
2497.00000 1.713770249E+00
2498.00000 1.716201704E+00
2499.00000 1.718634376E+00
2500.00000 1.721068249E+00
2501.00000 1.723503305E+00
2502.00000 1.725939525E+00
2503.00000 1.728376892E+00
2504.00000 1.730815389E+00
2505.00000 1.733254997E+00
2506.00000 1.735695699E+00
2507.00000 1.738137478E+00
2508.00000 1.740580316E+00
2509.00000 1.743024195E+00
2510.00000 1.745469098E+00
2511.00000 1.747915008E+00
2512.00000 1.750361907E+00
2513.00000 1.752809778E+00
2514.00000 1.755258603E+00
2515.00000 1.757708365E+00
2516.00000 1.760159046E+00
2517.00000 1.762610631E+00
2518.00000 1.765063100E+00
2519.00000 1.767516438E+00
2520.00000 1.769970627E+00
2521.00000 1.772425649E+00
2522.00000 1.774881489E+00
2523.00000 1.777338128E+00
2524.00000 1.779795550E+00
2525.00000 1.782253738E+00
2526.00000 1.784712675E+00
2527.00000 1.787172344E+00
2528.00000 1.789632728E+00
2529.00000 1.792093811E+00
2530.00000 1.794555575E+00
2531.00000 1.797018004E+00
2532.00000 1.799481081E+00
2533.00000 1.801944790E+00
2534.00000 1.804409114E+00
2535.00000 1.806874036E+00
2536.00000 1.809339540E+00
2537.00000 1.811805609E+00
2538.00000 1.814272227E+00
2539.00000 1.816739378E+00
2540.00000 1.819207045E+00
2541.00000 1.821675211E+00
2542.00000 1.824143861E+00
2543.00000 1.826612978E+00
2544.00000 1.829082546E+00
2545.00000 1.831552549E+00
2546.00000 1.834022971E+00
2547.00000 1.836493795E+00
2548.00000 1.838965005E+00
2549.00000 1.841436586E+00
2550.00000 1.843908522E+00
2551.00000 1.846380797E+00
2552.00000 1.848853394E+00
2553.00000 1.851326298E+00
2554.00000 1.853799493E+00
2555.00000 1.856272963E+00
2556.00000 1.858746694E+00
2557.00000 1.861220668E+00
2558.00000 1.863694870E+00
2559.00000 1.866169286E+00
2560.00000 1.868643898E+00
2561.00000 1.871118693E+00
2562.00000 1.873593653E+00
2563.00000 1.876068765E+00
2564.00000 1.878544012E+00
2565.00000 1.881019379E+00
2566.00000 1.883494852E+00
2567.00000 1.885970414E+00
2568.00000 1.888446051E+00
2569.00000 1.890921747E+00
2570.00000 1.893397487E+00
2571.00000 1.895873257E+00
2572.00000 1.898349041E+00
2573.00000 1.900824825E+00
2574.00000 1.903300593E+00
2575.00000 1.905776330E+00
2576.00000 1.908252022E+00
2577.00000 1.910727655E+00
2578.00000 1.913203212E+00
2579.00000 1.915678680E+00
2580.00000 1.918154044E+00
2581.00000 1.920629290E+00
2582.00000 1.923104402E+00
2583.00000 1.925579367E+00
2584.00000 1.928054170E+00
2585.00000 1.930528796E+00
2586.00000 1.933003231E+00
2587.00000 1.935477462E+00
2588.00000 1.937951473E+00
2589.00000 1.940425250E+00
2590.00000 1.942898779E+00
2591.00000 1.945372047E+00
2592.00000 1.947845039E+00
2593.00000 1.950317741E+00
2594.00000 1.952790139E+00
2595.00000 1.955262219E+00
2596.00000 1.957733968E+00
2597.00000 1.960205371E+00
2598.00000 1.962676415E+00
2599.00000 1.965147086E+00
2600.00000 1.967617370E+00
2601.00000 1.970087254E+00
2602.00000 1.972556724E+00
2603.00000 1.975025767E+00
2604.00000 1.977494369E+00
2605.00000 1.979962516E+00
2606.00000 1.982430196E+00
2607.00000 1.984897395E+00
2608.00000 1.987364099E+00
2609.00000 1.989830296E+00
2610.00000 1.992295972E+00
2611.00000 1.994761114E+00
2612.00000 1.997225710E+00
2613.00000 1.999689745E+00
2614.00000 2.002153207E+00
2615.00000 2.004616084E+00
2616.00000 2.007078361E+00
2617.00000 2.009540027E+00
2618.00000 2.012001069E+00
2619.00000 2.014461473E+00
2620.00000 2.016921228E+00
2621.00000 2.019380320E+00
2622.00000 2.021838737E+00
2623.00000 2.024296466E+00
2624.00000 2.026753495E+00
2625.00000 2.029209811E+00
2626.00000 2.031665403E+00
2627.00000 2.034120257E+00
2628.00000 2.036574362E+00
2629.00000 2.039027705E+00
2630.00000 2.041480274E+00
2631.00000 2.043932056E+00
2632.00000 2.046383041E+00
2633.00000 2.048833215E+00
2634.00000 2.051282566E+00
2635.00000 2.053731084E+00
2636.00000 2.056178755E+00
2637.00000 2.058625569E+00
2638.00000 2.061071513E+00
2639.00000 2.063516575E+00
2640.00000 2.065960744E+00
2641.00000 2.068404008E+00
2642.00000 2.070846356E+00
2643.00000 2.073287776E+00
2644.00000 2.075728257E+00
2645.00000 2.078167787E+00
2646.00000 2.080606354E+00
2647.00000 2.083043948E+00
2648.00000 2.085480557E+00
2649.00000 2.087916170E+00
2650.00000 2.090350776E+00
2651.00000 2.092784364E+00
2652.00000 2.095216922E+00
2653.00000 2.097648439E+00
2654.00000 2.100078905E+00
2655.00000 2.102508308E+00
2656.00000 2.104936639E+00
2657.00000 2.107363885E+00
2658.00000 2.109790036E+00
2659.00000 2.112215081E+00
2660.00000 2.114639010E+00
2661.00000 2.117061813E+00
2662.00000 2.119483477E+00
2663.00000 2.121903994E+00
2664.00000 2.124323352E+00
2665.00000 2.126741541E+00
2666.00000 2.129158551E+00
2667.00000 2.131574371E+00
2668.00000 2.133988992E+00
2669.00000 2.136402402E+00
2670.00000 2.138814591E+00
2671.00000 2.141225550E+00
2672.00000 2.143635269E+00
2673.00000 2.146043737E+00
2674.00000 2.148450945E+00
2675.00000 2.150856882E+00
2676.00000 2.153261538E+00
2677.00000 2.155664905E+00
2678.00000 2.158066971E+00
2679.00000 2.160467728E+00
2680.00000 2.162867166E+00
2681.00000 2.165265274E+00
2682.00000 2.167662044E+00
2683.00000 2.170057466E+00
2684.00000 2.172451530E+00
2685.00000 2.174844227E+00
2686.00000 2.177235548E+00
2687.00000 2.179625483E+00
2688.00000 2.182014023E+00
2689.00000 2.184401159E+00
2690.00000 2.186786881E+00
2691.00000 2.189171181E+00
2692.00000 2.191554049E+00
2693.00000 2.193935476E+00
2694.00000 2.196315454E+00
2695.00000 2.198693973E+00
2696.00000 2.201071025E+00
2697.00000 2.203446600E+00
2698.00000 2.205820690E+00
2699.00000 2.208193287E+00
2700.00000 2.210564381E+00
2701.00000 2.212933963E+00
2702.00000 2.215302026E+00
2703.00000 2.217668560E+00
2704.00000 2.220033558E+00
2705.00000 2.222397010E+00
2706.00000 2.224758909E+00
2707.00000 2.227119245E+00
2708.00000 2.229478011E+00
2709.00000 2.231835199E+00
2710.00000 2.234190799E+00
2711.00000 2.236544805E+00
2712.00000 2.238897207E+00
2713.00000 2.241247999E+00
2714.00000 2.243597171E+00
2715.00000 2.245944716E+00
2716.00000 2.248290625E+00
2717.00000 2.250634892E+00
2718.00000 2.252977508E+00
2719.00000 2.255318466E+00
2720.00000 2.257657757E+00
2721.00000 2.259995374E+00
2722.00000 2.262331309E+00
2723.00000 2.264665555E+00
2724.00000 2.266998105E+00
2725.00000 2.269328950E+00
2726.00000 2.271658083E+00
2727.00000 2.273985497E+00
2728.00000 2.276311185E+00
2729.00000 2.278635139E+00
2730.00000 2.280957352E+00
2731.00000 2.283277816E+00
2732.00000 2.285596525E+00
2733.00000 2.287913471E+00
2734.00000 2.290228648E+00
2735.00000 2.292542047E+00
2736.00000 2.294853663E+00
2737.00000 2.297163489E+00
2738.00000 2.299471516E+00
2739.00000 2.301777740E+00
2740.00000 2.304082152E+00
2741.00000 2.306384746E+00
2742.00000 2.308685515E+00
2743.00000 2.310984453E+00
2744.00000 2.313281553E+00
2745.00000 2.315576808E+00
2746.00000 2.317870212E+00
2747.00000 2.320161758E+00
2748.00000 2.322451441E+00
2749.00000 2.324739252E+00
2750.00000 2.327025187E+00
2751.00000 2.329309239E+00
2752.00000 2.331591401E+00
2753.00000 2.333871668E+00
2754.00000 2.336150032E+00
2755.00000 2.338426489E+00
2756.00000 2.340701031E+00
2757.00000 2.342973654E+00
2758.00000 2.345244350E+00
2759.00000 2.347513114E+00
2760.00000 2.349779940E+00
2761.00000 2.352044822E+00
2762.00000 2.354307754E+00
2763.00000 2.356568731E+00
2764.00000 2.358827746E+00
2765.00000 2.361084794E+00
2766.00000 2.363339870E+00
2767.00000 2.365592967E+00
2768.00000 2.367844081E+00
2769.00000 2.370093204E+00
2770.00000 2.372340333E+00
2771.00000 2.374585462E+00
2772.00000 2.376828585E+00
2773.00000 2.379069696E+00
2774.00000 2.381308792E+00
2775.00000 2.383545865E+00
2776.00000 2.385780911E+00
2777.00000 2.388013925E+00
2778.00000 2.390244902E+00
2779.00000 2.392473836E+00
2780.00000 2.394700723E+00
2781.00000 2.396925557E+00
2782.00000 2.399148333E+00
2783.00000 2.401369047E+00
2784.00000 2.403587693E+00
2785.00000 2.405804267E+00
2786.00000 2.408018764E+00
2787.00000 2.410231179E+00
2788.00000 2.412441507E+00
2789.00000 2.414649743E+00
2790.00000 2.416855884E+00
2791.00000 2.419059923E+00
2792.00000 2.421261857E+00
2793.00000 2.423461682E+00
2794.00000 2.425659392E+00
2795.00000 2.427854982E+00
2796.00000 2.430048450E+00
2797.00000 2.432239790E+00
2798.00000 2.434428997E+00
2799.00000 2.436616069E+00
2800.00000 2.438800999E+00
2801.00000 2.440983785E+00
2802.00000 2.443164421E+00
2803.00000 2.445342904E+00
2804.00000 2.447519230E+00
2805.00000 2.449693394E+00
2806.00000 2.451865392E+00
2807.00000 2.454035221E+00
2808.00000 2.456202876E+00
2809.00000 2.458368354E+00
2810.00000 2.460531650E+00
2811.00000 2.462692761E+00
2812.00000 2.464851682E+00
2813.00000 2.467008411E+00
2814.00000 2.469162943E+00
2815.00000 2.471315275E+00
2816.00000 2.473465403E+00
2817.00000 2.475613323E+00
2818.00000 2.477759031E+00
2819.00000 2.479902525E+00
2820.00000 2.482043800E+00
2821.00000 2.484182853E+00
2822.00000 2.486319681E+00
2823.00000 2.488454281E+00
2824.00000 2.490586647E+00
2825.00000 2.492716779E+00
2826.00000 2.494844671E+00
2827.00000 2.496970322E+00
2828.00000 2.499093726E+00
2829.00000 2.501214883E+00
2830.00000 2.503333787E+00
2831.00000 2.505450437E+00
2832.00000 2.507564828E+00
2833.00000 2.509676958E+00
2834.00000 2.511786824E+00
2835.00000 2.513894423E+00
2836.00000 2.515999752E+00
2837.00000 2.518102807E+00
2838.00000 2.520203587E+00
2839.00000 2.522302088E+00
2840.00000 2.524398307E+00
2841.00000 2.526492241E+00
2842.00000 2.528583888E+00
2843.00000 2.530673246E+00
2844.00000 2.532760310E+00
2845.00000 2.534845079E+00
2846.00000 2.536927550E+00
2847.00000 2.539007720E+00
2848.00000 2.541085587E+00
2849.00000 2.543161149E+00
2850.00000 2.545234402E+00
2851.00000 2.547305344E+00
2852.00000 2.549373974E+00
2853.00000 2.551440287E+00
2854.00000 2.553504283E+00
2855.00000 2.555565958E+00
2856.00000 2.557625311E+00
2857.00000 2.559682338E+00
2858.00000 2.561737039E+00
2859.00000 2.563789410E+00
2860.00000 2.565839450E+00
2861.00000 2.567887156E+00
2862.00000 2.569932525E+00
2863.00000 2.571975557E+00
2864.00000 2.574016249E+00
2865.00000 2.576054599E+00
2866.00000 2.578090605E+00
2867.00000 2.580124265E+00
2868.00000 2.582155576E+00
2869.00000 2.584184538E+00
2870.00000 2.586211148E+00
2871.00000 2.588235404E+00
2872.00000 2.590257305E+00
2873.00000 2.592276849E+00
2874.00000 2.594294033E+00
2875.00000 2.596308857E+00
2876.00000 2.598321318E+00
2877.00000 2.600331415E+00
2878.00000 2.602339146E+00
2879.00000 2.604344509E+00
2880.00000 2.606347504E+00
2881.00000 2.608348127E+00
2882.00000 2.610346379E+00
2883.00000 2.612342257E+00
2884.00000 2.614335760E+00
2885.00000 2.616326886E+00
2886.00000 2.618315634E+00
2887.00000 2.620302003E+00
2888.00000 2.622285991E+00
2889.00000 2.624267597E+00
2890.00000 2.626246819E+00
2891.00000 2.628223656E+00
2892.00000 2.630198108E+00
2893.00000 2.632170172E+00
2894.00000 2.634139847E+00
2895.00000 2.636107133E+00
2896.00000 2.638072029E+00
2897.00000 2.640034532E+00
2898.00000 2.641994642E+00
2899.00000 2.643952358E+00
2900.00000 2.645907679E+00
2901.00000 2.647860604E+00
2902.00000 2.649811131E+00
2903.00000 2.651759261E+00
2904.00000 2.653704991E+00
2905.00000 2.655648321E+00
2906.00000 2.657589250E+00
2907.00000 2.659527778E+00
2908.00000 2.661463903E+00
2909.00000 2.663397624E+00
2910.00000 2.665328941E+00
2911.00000 2.667257853E+00
2912.00000 2.669184359E+00
2913.00000 2.671108459E+00
2914.00000 2.673030152E+00
2915.00000 2.674949436E+00
2916.00000 2.676866312E+00
2917.00000 2.678780779E+00
2918.00000 2.680692837E+00
2919.00000 2.682602484E+00
2920.00000 2.684509720E+00
2921.00000 2.686414544E+00
2922.00000 2.688316957E+00
2923.00000 2.690216957E+00
2924.00000 2.692114545E+00
2925.00000 2.694009719E+00
2926.00000 2.695902479E+00
2927.00000 2.697792825E+00
2928.00000 2.699680757E+00
2929.00000 2.701566274E+00
2930.00000 2.703449376E+00
2931.00000 2.705330062E+00
2932.00000 2.707208333E+00
2933.00000 2.709084188E+00
2934.00000 2.710957626E+00
2935.00000 2.712828648E+00
2936.00000 2.714697254E+00
2937.00000 2.716563443E+00
2938.00000 2.718427214E+00
2939.00000 2.720288569E+00
2940.00000 2.722147506E+00
2941.00000 2.724004027E+00
2942.00000 2.725858130E+00
2943.00000 2.727709815E+00
2944.00000 2.729559083E+00
2945.00000 2.731405934E+00
2946.00000 2.733250368E+00
2947.00000 2.735092384E+00
2948.00000 2.736931983E+00
2949.00000 2.738769165E+00
2950.00000 2.740603930E+00
2951.00000 2.742436277E+00
2952.00000 2.744266208E+00
2953.00000 2.746093723E+00
2954.00000 2.747918821E+00
2955.00000 2.749741503E+00
2956.00000 2.751561768E+00
2957.00000 2.753379618E+00
2958.00000 2.755195053E+00
2959.00000 2.757008072E+00
2960.00000 2.758818676E+00
2961.00000 2.760626866E+00
2962.00000 2.762432641E+00
2963.00000 2.764236002E+00
2964.00000 2.766036950E+00
2965.00000 2.767835485E+00
2966.00000 2.769631607E+00
2967.00000 2.771425317E+00
2968.00000 2.773216615E+00
2969.00000 2.775005501E+00
2970.00000 2.776791977E+00
2971.00000 2.778576042E+00
2972.00000 2.780357697E+00
2973.00000 2.782136943E+00
2974.00000 2.783913780E+00
2975.00000 2.785688209E+00
2976.00000 2.787460230E+00
2977.00000 2.789229845E+00
2978.00000 2.790997053E+00
2979.00000 2.792761855E+00
2980.00000 2.794524252E+00
2981.00000 2.796284244E+00
2982.00000 2.798041833E+00
2983.00000 2.799797019E+00
2984.00000 2.801549803E+00
2985.00000 2.803300185E+00
2986.00000 2.805048167E+00
2987.00000 2.806793748E+00
2988.00000 2.808536931E+00
2989.00000 2.810277715E+00
2990.00000 2.812016101E+00
2991.00000 2.813752091E+00
2992.00000 2.815485685E+00
2993.00000 2.817216883E+00
2994.00000 2.818945688E+00
2995.00000 2.820672100E+00
2996.00000 2.822396119E+00
2997.00000 2.824117747E+00
2998.00000 2.825836985E+00
2999.00000 2.827553833E+00
3000.00000 2.829268293E+00
3001.00000 2.830980365E+00
3002.00000 2.832690051E+00
3003.00000 2.834397352E+00
3004.00000 2.836102268E+00
3005.00000 2.837804801E+00
3006.00000 2.839504951E+00
3007.00000 2.841202721E+00
3008.00000 2.842898110E+00
3009.00000 2.844591121E+00
3010.00000 2.846281754E+00
3011.00000 2.847970010E+00
3012.00000 2.849655891E+00
3013.00000 2.851339397E+00
3014.00000 2.853020530E+00
3015.00000 2.854699291E+00
3016.00000 2.856375682E+00
3017.00000 2.858049703E+00
3018.00000 2.859721355E+00
3019.00000 2.861390641E+00
3020.00000 2.863057561E+00
3021.00000 2.864722116E+00
3022.00000 2.866384308E+00
3023.00000 2.868044139E+00
3024.00000 2.869701608E+00
3025.00000 2.871356719E+00
3026.00000 2.873009472E+00
3027.00000 2.874659868E+00
3028.00000 2.876307908E+00
3029.00000 2.877953595E+00
3030.00000 2.879596930E+00
3031.00000 2.881237914E+00
3032.00000 2.882876548E+00
3033.00000 2.884512834E+00
3034.00000 2.886146773E+00
3035.00000 2.887778366E+00
3036.00000 2.889407617E+00
3037.00000 2.891034524E+00
3038.00000 2.892659091E+00
3039.00000 2.894281319E+00
3040.00000 2.895901208E+00
3041.00000 2.897518762E+00
3042.00000 2.899133980E+00
3043.00000 2.900746866E+00
3044.00000 2.902357420E+00
3045.00000 2.903965643E+00
3046.00000 2.905571538E+00
3047.00000 2.907175106E+00
3048.00000 2.908776349E+00
3049.00000 2.910375268E+00
3050.00000 2.911971865E+00
3051.00000 2.913566142E+00
3052.00000 2.915158100E+00
3053.00000 2.916747740E+00
3054.00000 2.918335065E+00
3055.00000 2.919920076E+00
3056.00000 2.921502775E+00
3057.00000 2.923083164E+00
3058.00000 2.924661244E+00
3059.00000 2.926237017E+00
3060.00000 2.927810484E+00
3061.00000 2.929381648E+00
3062.00000 2.930950510E+00
3063.00000 2.932517072E+00
3064.00000 2.934081336E+00
3065.00000 2.935643303E+00
3066.00000 2.937202976E+00
3067.00000 2.938760355E+00
3068.00000 2.940315443E+00
3069.00000 2.941868242E+00
3070.00000 2.943418754E+00
3071.00000 2.944966980E+00
3072.00000 2.946512921E+00
3073.00000 2.948056581E+00
3074.00000 2.949597961E+00
3075.00000 2.951137062E+00
3076.00000 2.952673887E+00
3077.00000 2.954208438E+00
3078.00000 2.955740716E+00
3079.00000 2.957270723E+00
3080.00000 2.958798461E+00
3081.00000 2.960323933E+00
3082.00000 2.961847139E+00
3083.00000 2.963368082E+00
3084.00000 2.964886765E+00
3085.00000 2.966403188E+00
3086.00000 2.967917353E+00
3087.00000 2.969429264E+00
3088.00000 2.970938921E+00
3089.00000 2.972446327E+00
3090.00000 2.973951484E+00
3091.00000 2.975454394E+00
3092.00000 2.976955058E+00
3093.00000 2.978453479E+00
3094.00000 2.979949658E+00
3095.00000 2.981443599E+00
3096.00000 2.982935302E+00
3097.00000 2.984424770E+00
3098.00000 2.985912005E+00
3099.00000 2.987397009E+00
3100.00000 2.988879784E+00
3101.00000 2.990360332E+00
3102.00000 2.991838655E+00
3103.00000 2.993314756E+00
3104.00000 2.994788636E+00
3105.00000 2.996260297E+00
3106.00000 2.997729742E+00
3107.00000 2.999196972E+00
3108.00000 3.000661990E+00
3109.00000 3.002124799E+00
3110.00000 3.003585399E+00
3111.00000 3.005043793E+00
3112.00000 3.006499984E+00
3113.00000 3.007953973E+00
3114.00000 3.009405763E+00
3115.00000 3.010855356E+00
3116.00000 3.012302753E+00
3117.00000 3.013747958E+00
3118.00000 3.015190972E+00
3119.00000 3.016631797E+00
3120.00000 3.018070437E+00
3121.00000 3.019506892E+00
3122.00000 3.020941165E+00
3123.00000 3.022373259E+00
3124.00000 3.023803175E+00
3125.00000 3.025230916E+00
3126.00000 3.026656484E+00
3127.00000 3.028079881E+00
3128.00000 3.029501109E+00
3129.00000 3.030920171E+00
3130.00000 3.032337070E+00
3131.00000 3.033751806E+00
3132.00000 3.035164383E+00
3133.00000 3.036574803E+00
3134.00000 3.037983067E+00
3135.00000 3.039389179E+00
3136.00000 3.040793141E+00
3137.00000 3.042194954E+00
3138.00000 3.043594622E+00
3139.00000 3.044992146E+00
3140.00000 3.046387528E+00
3141.00000 3.047780772E+00
3142.00000 3.049171879E+00
3143.00000 3.050560852E+00
3144.00000 3.051947692E+00
3145.00000 3.053332404E+00
3146.00000 3.054714987E+00
3147.00000 3.056095446E+00
3148.00000 3.057473782E+00
3149.00000 3.058849997E+00
3150.00000 3.060224095E+00
3151.00000 3.061596077E+00
3152.00000 3.062965946E+00
3153.00000 3.064333703E+00
3154.00000 3.065699352E+00
3155.00000 3.067062895E+00
3156.00000 3.068424334E+00
3157.00000 3.069783672E+00
3158.00000 3.071140910E+00
3159.00000 3.072496052E+00
3160.00000 3.073849099E+00
3161.00000 3.075200055E+00
3162.00000 3.076548921E+00
3163.00000 3.077895700E+00
3164.00000 3.079240394E+00
3165.00000 3.080583005E+00
3166.00000 3.081923537E+00
3167.00000 3.083261992E+00
3168.00000 3.084598371E+00
3169.00000 3.085932677E+00
3170.00000 3.087264913E+00
3171.00000 3.088595082E+00
3172.00000 3.089923185E+00
3173.00000 3.091249224E+00
3174.00000 3.092573204E+00
3175.00000 3.093895125E+00
3176.00000 3.095214991E+00
3177.00000 3.096532803E+00
3178.00000 3.097848564E+00
3179.00000 3.099162278E+00
3180.00000 3.100473945E+00
3181.00000 3.101783569E+00
3182.00000 3.103091152E+00
3183.00000 3.104396696E+00
3184.00000 3.105700204E+00
3185.00000 3.107001679E+00
3186.00000 3.108301123E+00
3187.00000 3.109598538E+00
3188.00000 3.110893927E+00
3189.00000 3.112187292E+00
3190.00000 3.113478636E+00
3191.00000 3.114767961E+00
3192.00000 3.116055270E+00
3193.00000 3.117340565E+00
3194.00000 3.118623848E+00
3195.00000 3.119905123E+00
3196.00000 3.121184392E+00
3197.00000 3.122461657E+00
3198.00000 3.123736921E+00
3199.00000 3.125010185E+00
3200.00000 3.126281454E+00
3201.00000 3.127550729E+00
3202.00000 3.128818012E+00
3203.00000 3.130083306E+00
3204.00000 3.131346615E+00
3205.00000 3.132607939E+00
3206.00000 3.133867282E+00
3207.00000 3.135124647E+00
3208.00000 3.136380035E+00
3209.00000 3.137633450E+00
3210.00000 3.138884893E+00
3211.00000 3.140134367E+00
3212.00000 3.141381876E+00
3213.00000 3.142627421E+00
3214.00000 3.143871004E+00
3215.00000 3.145112630E+00
3216.00000 3.146352299E+00
3217.00000 3.147590014E+00
3218.00000 3.148825779E+00
3219.00000 3.150059595E+00
3220.00000 3.151291465E+00
3221.00000 3.152521392E+00
3222.00000 3.153749378E+00
3223.00000 3.154975426E+00
3224.00000 3.156199538E+00
3225.00000 3.157421716E+00
3226.00000 3.158641964E+00
3227.00000 3.159860284E+00
3228.00000 3.161076678E+00
3229.00000 3.162291149E+00
3230.00000 3.163503700E+00
3231.00000 3.164714333E+00
3232.00000 3.165923050E+00
3233.00000 3.167129854E+00
3234.00000 3.168334748E+00
3235.00000 3.169537735E+00
3236.00000 3.170738816E+00
3237.00000 3.171937994E+00
3238.00000 3.173135273E+00
3239.00000 3.174330653E+00
3240.00000 3.175524139E+00
3241.00000 3.176715732E+00
3242.00000 3.177905436E+00
3243.00000 3.179093252E+00
3244.00000 3.180279183E+00
3245.00000 3.181463232E+00
3246.00000 3.182645402E+00
3247.00000 3.183825694E+00
3248.00000 3.185004112E+00
3249.00000 3.186180657E+00
3250.00000 3.187355334E+00
3251.00000 3.188528143E+00
3252.00000 3.189699088E+00
3253.00000 3.190868172E+00
3254.00000 3.192035396E+00
3255.00000 3.193200763E+00
3256.00000 3.194364277E+00
3257.00000 3.195525939E+00
3258.00000 3.196685752E+00
3259.00000 3.197843718E+00
3260.00000 3.198999841E+00
3261.00000 3.200154123E+00
3262.00000 3.201306566E+00
3263.00000 3.202457172E+00
3264.00000 3.203605946E+00
3265.00000 3.204752888E+00
3266.00000 3.205898002E+00
3267.00000 3.207041289E+00
3268.00000 3.208182754E+00
3269.00000 3.209322398E+00
3270.00000 3.210460223E+00
3271.00000 3.211596233E+00
3272.00000 3.212730430E+00
3273.00000 3.213862816E+00
3274.00000 3.214993395E+00
3275.00000 3.216122167E+00
3276.00000 3.217249138E+00
3277.00000 3.218374307E+00
3278.00000 3.219497680E+00
3279.00000 3.220619257E+00
3280.00000 3.221739041E+00
3281.00000 3.222857035E+00
3282.00000 3.223973242E+00
3283.00000 3.225087664E+00
3284.00000 3.226200304E+00
3285.00000 3.227311163E+00
3286.00000 3.228420246E+00
3287.00000 3.229527554E+00
3288.00000 3.230633089E+00
3289.00000 3.231736856E+00
3290.00000 3.232838855E+00
3291.00000 3.233939089E+00
3292.00000 3.235037562E+00
3293.00000 3.236134275E+00
3294.00000 3.237229232E+00
3295.00000 3.238322434E+00
3296.00000 3.239413884E+00
3297.00000 3.240503586E+00
3298.00000 3.241591540E+00
3299.00000 3.242677751E+00
3300.00000 3.243762220E+00
3301.00000 3.244844950E+00
3302.00000 3.245925944E+00
3303.00000 3.247005203E+00
3304.00000 3.248082732E+00
3305.00000 3.249158531E+00
3306.00000 3.250232605E+00
3307.00000 3.251304954E+00
3308.00000 3.252375583E+00
3309.00000 3.253444492E+00
3310.00000 3.254511686E+00
3311.00000 3.255577166E+00
3312.00000 3.256640935E+00
3313.00000 3.257702996E+00
3314.00000 3.258763350E+00
3315.00000 3.259822001E+00
3316.00000 3.260878951E+00
3317.00000 3.261934203E+00
3318.00000 3.262987759E+00
3319.00000 3.264039622E+00
3320.00000 3.265089794E+00
3321.00000 3.266138277E+00
3322.00000 3.267185075E+00
3323.00000 3.268230190E+00
3324.00000 3.269273623E+00
3325.00000 3.270315379E+00
3326.00000 3.271355459E+00
3327.00000 3.272393866E+00
3328.00000 3.273430602E+00
3329.00000 3.274465670E+00
3330.00000 3.275499073E+00
3331.00000 3.276530812E+00
3332.00000 3.277560891E+00
3333.00000 3.278589312E+00
3334.00000 3.279616077E+00
3335.00000 3.280641189E+00
3336.00000 3.281664651E+00
3337.00000 3.282686464E+00
3338.00000 3.283706632E+00
3339.00000 3.284725157E+00
3340.00000 3.285742041E+00
3341.00000 3.286757288E+00
3342.00000 3.287770898E+00
3343.00000 3.288782876E+00
3344.00000 3.289793223E+00
3345.00000 3.290801942E+00
3346.00000 3.291809036E+00
3347.00000 3.292814506E+00
3348.00000 3.293818356E+00
3349.00000 3.294820587E+00
3350.00000 3.295821203E+00
3351.00000 3.296820206E+00
3352.00000 3.297817598E+00
3353.00000 3.298813382E+00
3354.00000 3.299807560E+00
3355.00000 3.300800135E+00
3356.00000 3.301791109E+00
3357.00000 3.302780484E+00
3358.00000 3.303768264E+00
3359.00000 3.304754451E+00
3360.00000 3.305739046E+00
3361.00000 3.306722053E+00
3362.00000 3.307703474E+00
3363.00000 3.308683312E+00
3364.00000 3.309661568E+00
3365.00000 3.310638246E+00
3366.00000 3.311613348E+00
3367.00000 3.312586876E+00
3368.00000 3.313558832E+00
3369.00000 3.314529220E+00
3370.00000 3.315498042E+00
3371.00000 3.316465299E+00
3372.00000 3.317430995E+00
3373.00000 3.318395132E+00
3374.00000 3.319357713E+00
3375.00000 3.320318739E+00
3376.00000 3.321278213E+00
3377.00000 3.322236139E+00
3378.00000 3.323192517E+00
3379.00000 3.324147351E+00
3380.00000 3.325100643E+00
3381.00000 3.326052395E+00
3382.00000 3.327002610E+00
3383.00000 3.327951290E+00
3384.00000 3.328898438E+00
3385.00000 3.329844056E+00
3386.00000 3.330788147E+00
3387.00000 3.331730712E+00
3388.00000 3.332671755E+00
3389.00000 3.333611277E+00
3390.00000 3.334549282E+00
3391.00000 3.335485771E+00
3392.00000 3.336420747E+00
3393.00000 3.337354213E+00
3394.00000 3.338286170E+00
3395.00000 3.339216621E+00
3396.00000 3.340145569E+00
3397.00000 3.341073015E+00
3398.00000 3.341998963E+00
3399.00000 3.342923415E+00
3400.00000 3.343846373E+00
3401.00000 3.344767839E+00
3402.00000 3.345687816E+00
3403.00000 3.346606306E+00
3404.00000 3.347523311E+00
3405.00000 3.348438835E+00
3406.00000 3.349352879E+00
3407.00000 3.350265446E+00
3408.00000 3.351176537E+00
3409.00000 3.352086156E+00
3410.00000 3.352994305E+00
3411.00000 3.353900986E+00
3412.00000 3.354806202E+00
3413.00000 3.355709954E+00
3414.00000 3.356612245E+00
3415.00000 3.357513078E+00
3416.00000 3.358412455E+00
3417.00000 3.359310378E+00
3418.00000 3.360206850E+00
3419.00000 3.361101872E+00
3420.00000 3.361995448E+00
3421.00000 3.362887580E+00
3422.00000 3.363778269E+00
3423.00000 3.364667518E+00
3424.00000 3.365555330E+00
3425.00000 3.366441707E+00
3426.00000 3.367326651E+00
3427.00000 3.368210165E+00
3428.00000 3.369092250E+00
3429.00000 3.369972910E+00
3430.00000 3.370852146E+00
3431.00000 3.371729961E+00
3432.00000 3.372606357E+00
3433.00000 3.373481336E+00
3434.00000 3.374354901E+00
3435.00000 3.375227055E+00
3436.00000 3.376097798E+00
3437.00000 3.376967134E+00
3438.00000 3.377835065E+00
3439.00000 3.378701592E+00
3440.00000 3.379566720E+00
3441.00000 3.380430449E+00
3442.00000 3.381292782E+00
3443.00000 3.382153722E+00
3444.00000 3.383013269E+00
3445.00000 3.383871428E+00
3446.00000 3.384728200E+00
3447.00000 3.385583588E+00
3448.00000 3.386437593E+00
3449.00000 3.387290217E+00
3450.00000 3.388141465E+00
3451.00000 3.388991336E+00
3452.00000 3.389839834E+00
3453.00000 3.390686961E+00
3454.00000 3.391532720E+00
3455.00000 3.392377111E+00
3456.00000 3.393220139E+00
3457.00000 3.394061804E+00
3458.00000 3.394902110E+00
3459.00000 3.395741058E+00
3460.00000 3.396578650E+00
3461.00000 3.397414890E+00
3462.00000 3.398249778E+00
3463.00000 3.399083318E+00
3464.00000 3.399915512E+00
3465.00000 3.400746361E+00
3466.00000 3.401575868E+00
3467.00000 3.402404036E+00
3468.00000 3.403230866E+00
3469.00000 3.404056360E+00
3470.00000 3.404880521E+00
3471.00000 3.405703352E+00
3472.00000 3.406524853E+00
3473.00000 3.407345028E+00
3474.00000 3.408163879E+00
3475.00000 3.408981408E+00
3476.00000 3.409797616E+00
3477.00000 3.410612507E+00
3478.00000 3.411426082E+00
3479.00000 3.412238344E+00
3480.00000 3.413049295E+00
3481.00000 3.413858936E+00
3482.00000 3.414667271E+00
3483.00000 3.415474301E+00
3484.00000 3.416280028E+00
3485.00000 3.417084455E+00
3486.00000 3.417887584E+00
3487.00000 3.418689417E+00
3488.00000 3.419489956E+00
3489.00000 3.420289203E+00
3490.00000 3.421087161E+00
3491.00000 3.421883831E+00
3492.00000 3.422679216E+00
3493.00000 3.423473318E+00
3494.00000 3.424266139E+00
3495.00000 3.425057681E+00
3496.00000 3.425847946E+00
3497.00000 3.426636937E+00
3498.00000 3.427424655E+00
3499.00000 3.428211103E+00
3500.00000 3.428996283E+00
3501.00000 3.429780196E+00
3502.00000 3.430562846E+00
3503.00000 3.431344234E+00
3504.00000 3.432124362E+00
3505.00000 3.432903233E+00
3506.00000 3.433680848E+00
3507.00000 3.434457209E+00
3508.00000 3.435232320E+00
3509.00000 3.436006181E+00
3510.00000 3.436778795E+00
3511.00000 3.437550164E+00
3512.00000 3.438320291E+00
3513.00000 3.439089176E+00
3514.00000 3.439856823E+00
3515.00000 3.440623233E+00
3516.00000 3.441388409E+00
3517.00000 3.442152352E+00
3518.00000 3.442915064E+00
3519.00000 3.443676548E+00
3520.00000 3.444436806E+00
3521.00000 3.445195840E+00
3522.00000 3.445953652E+00
3523.00000 3.446710244E+00
3524.00000 3.447465617E+00
3525.00000 3.448219775E+00
3526.00000 3.448972719E+00
3527.00000 3.449724450E+00
3528.00000 3.450474972E+00
3529.00000 3.451224287E+00
3530.00000 3.451972395E+00
3531.00000 3.452719300E+00
3532.00000 3.453465003E+00
3533.00000 3.454209507E+00
3534.00000 3.454952813E+00
3535.00000 3.455694923E+00
3536.00000 3.456435840E+00
3537.00000 3.457175565E+00
3538.00000 3.457914101E+00
3539.00000 3.458651450E+00
3540.00000 3.459387613E+00
3541.00000 3.460122592E+00
3542.00000 3.460856390E+00
3543.00000 3.461589008E+00
3544.00000 3.462320449E+00
3545.00000 3.463050715E+00
3546.00000 3.463779807E+00
3547.00000 3.464507728E+00
3548.00000 3.465234479E+00
3549.00000 3.465960063E+00
3550.00000 3.466684481E+00
3551.00000 3.467407736E+00
3552.00000 3.468129829E+00
3553.00000 3.468850762E+00
3554.00000 3.469570538E+00
3555.00000 3.470289158E+00
3556.00000 3.471006625E+00
3557.00000 3.471722940E+00
3558.00000 3.472438105E+00
3559.00000 3.473152123E+00
3560.00000 3.473864994E+00
3561.00000 3.474576722E+00
3562.00000 3.475287308E+00
3563.00000 3.475996754E+00
3564.00000 3.476705061E+00
3565.00000 3.477412233E+00
3566.00000 3.478118271E+00
3567.00000 3.478823176E+00
3568.00000 3.479526951E+00
3569.00000 3.480229598E+00
3570.00000 3.480931118E+00
3571.00000 3.481631514E+00
3572.00000 3.482330787E+00
3573.00000 3.483028939E+00
3574.00000 3.483725973E+00
3575.00000 3.484421890E+00
3576.00000 3.485116692E+00
3577.00000 3.485810381E+00
3578.00000 3.486502959E+00
3579.00000 3.487194428E+00
3580.00000 3.487884789E+00
3581.00000 3.488574045E+00
3582.00000 3.489262197E+00
3583.00000 3.489949248E+00
3584.00000 3.490635199E+00
3585.00000 3.491320052E+00
3586.00000 3.492003809E+00
3587.00000 3.492686472E+00
3588.00000 3.493368043E+00
3589.00000 3.494048523E+00
3590.00000 3.494727915E+00
3591.00000 3.495406221E+00
3592.00000 3.496083441E+00
3593.00000 3.496759579E+00
3594.00000 3.497434635E+00
3595.00000 3.498108613E+00
3596.00000 3.498781513E+00
3597.00000 3.499453338E+00
3598.00000 3.500124089E+00
3599.00000 3.500793768E+00
3600.00000 3.501462377E+00
3601.00000 3.502129918E+00
3602.00000 3.502796393E+00
3603.00000 3.503461803E+00
3604.00000 3.504126151E+00
3605.00000 3.504789438E+00
3606.00000 3.505451666E+00
3607.00000 3.506112837E+00
3608.00000 3.506772953E+00
3609.00000 3.507432015E+00
3610.00000 3.508090025E+00
3611.00000 3.508746986E+00
3612.00000 3.509402898E+00
3613.00000 3.510057764E+00
3614.00000 3.510711586E+00
3615.00000 3.511364365E+00
3616.00000 3.512016103E+00
3617.00000 3.512666802E+00
3618.00000 3.513316464E+00
3619.00000 3.513965090E+00
3620.00000 3.514612683E+00
3621.00000 3.515259244E+00
3622.00000 3.515904774E+00
3623.00000 3.516549276E+00
3624.00000 3.517192752E+00
3625.00000 3.517835202E+00
3626.00000 3.518476630E+00
3627.00000 3.519117036E+00
3628.00000 3.519756423E+00
3629.00000 3.520394792E+00
3630.00000 3.521032145E+00
3631.00000 3.521668484E+00
3632.00000 3.522303810E+00
3633.00000 3.522938125E+00
3634.00000 3.523571432E+00
3635.00000 3.524203731E+00
3636.00000 3.524835025E+00
3637.00000 3.525465314E+00
3638.00000 3.526094602E+00
3639.00000 3.526722889E+00
3640.00000 3.527350178E+00
3641.00000 3.527976470E+00
3642.00000 3.528601767E+00
3643.00000 3.529226070E+00
3644.00000 3.529849382E+00
3645.00000 3.530471703E+00
3646.00000 3.531093036E+00
3647.00000 3.531713383E+00
3648.00000 3.532332745E+00
3649.00000 3.532951124E+00
3650.00000 3.533568521E+00
3651.00000 3.534184938E+00
3652.00000 3.534800378E+00
3653.00000 3.535414841E+00
3654.00000 3.536028329E+00
3655.00000 3.536640844E+00
3656.00000 3.537252388E+00
3657.00000 3.537862962E+00
3658.00000 3.538472569E+00
3659.00000 3.539081209E+00
3660.00000 3.539688884E+00
3661.00000 3.540295597E+00
3662.00000 3.540901348E+00
3663.00000 3.541506140E+00
3664.00000 3.542109974E+00
3665.00000 3.542712851E+00
3666.00000 3.543314774E+00
3667.00000 3.543915744E+00
3668.00000 3.544515762E+00
3669.00000 3.545114831E+00
3670.00000 3.545712952E+00
3671.00000 3.546310127E+00
3672.00000 3.546906357E+00
3673.00000 3.547501643E+00
3674.00000 3.548095988E+00
3675.00000 3.548689394E+00
3676.00000 3.549281861E+00
3677.00000 3.549873392E+00
3678.00000 3.550463987E+00
3679.00000 3.551053650E+00
3680.00000 3.551642381E+00
3681.00000 3.552230181E+00
3682.00000 3.552817053E+00
3683.00000 3.553402999E+00
3684.00000 3.553988019E+00
3685.00000 3.554572115E+00
3686.00000 3.555155290E+00
3687.00000 3.555737543E+00
3688.00000 3.556318879E+00
3689.00000 3.556899296E+00
3690.00000 3.557478799E+00
3691.00000 3.558057387E+00
3692.00000 3.558635062E+00
3693.00000 3.559211827E+00
3694.00000 3.559787683E+00
3695.00000 3.560362631E+00
3696.00000 3.560936672E+00
3697.00000 3.561509809E+00
3698.00000 3.562082043E+00
3699.00000 3.562653376E+00
3700.00000 3.563223809E+00
3701.00000 3.563793343E+00
3702.00000 3.564361981E+00
3703.00000 3.564929723E+00
3704.00000 3.565496572E+00
3705.00000 3.566062529E+00
3706.00000 3.566627595E+00
3707.00000 3.567191773E+00
3708.00000 3.567755063E+00
3709.00000 3.568317467E+00
3710.00000 3.568878986E+00
3711.00000 3.569439623E+00
3712.00000 3.569999379E+00
3713.00000 3.570558255E+00
3714.00000 3.571116252E+00
3715.00000 3.571673373E+00
3716.00000 3.572229619E+00
3717.00000 3.572784992E+00
3718.00000 3.573339492E+00
3719.00000 3.573893121E+00
3720.00000 3.574445881E+00
3721.00000 3.574997774E+00
3722.00000 3.575548801E+00
3723.00000 3.576098963E+00
3724.00000 3.576648262E+00
3725.00000 3.577196700E+00
3726.00000 3.577744277E+00
3727.00000 3.578290996E+00
3728.00000 3.578836858E+00
3729.00000 3.579381865E+00
3730.00000 3.579926017E+00
3731.00000 3.580469317E+00
3732.00000 3.581011765E+00
3733.00000 3.581553364E+00
3734.00000 3.582094115E+00
3735.00000 3.582634019E+00
3736.00000 3.583173078E+00
3737.00000 3.583711293E+00
3738.00000 3.584248666E+00
3739.00000 3.584785198E+00
3740.00000 3.585320891E+00
3741.00000 3.585855746E+00
3742.00000 3.586389764E+00
3743.00000 3.586922948E+00
3744.00000 3.587455298E+00
3745.00000 3.587986816E+00
3746.00000 3.588517503E+00
3747.00000 3.589047361E+00
3748.00000 3.589576392E+00
3749.00000 3.590104596E+00
3750.00000 3.590631975E+00
3751.00000 3.591158531E+00
3752.00000 3.591684265E+00
3753.00000 3.592209179E+00
3754.00000 3.592733273E+00
3755.00000 3.593256549E+00
3756.00000 3.593779010E+00
3757.00000 3.594300655E+00
3758.00000 3.594821487E+00
3759.00000 3.595341508E+00
3760.00000 3.595860717E+00
3761.00000 3.596379117E+00
3762.00000 3.596896710E+00
3763.00000 3.597413496E+00
3764.00000 3.597929477E+00
3765.00000 3.598444655E+00
3766.00000 3.598959031E+00
3767.00000 3.599472605E+00
3768.00000 3.599985381E+00
3769.00000 3.600497358E+00
3770.00000 3.601008539E+00
3771.00000 3.601518924E+00
3772.00000 3.602028516E+00
3773.00000 3.602537315E+00
3774.00000 3.603045324E+00
3775.00000 3.603552542E+00
3776.00000 3.604058972E+00
3777.00000 3.604564616E+00
3778.00000 3.605069474E+00
3779.00000 3.605573547E+00
3780.00000 3.606076838E+00
3781.00000 3.606579347E+00
3782.00000 3.607081076E+00
3783.00000 3.607582027E+00
3784.00000 3.608082200E+00
3785.00000 3.608581597E+00
3786.00000 3.609080219E+00
3787.00000 3.609578068E+00
3788.00000 3.610075145E+00
3789.00000 3.610571451E+00
3790.00000 3.611066988E+00
3791.00000 3.611561757E+00
3792.00000 3.612055759E+00
3793.00000 3.612548996E+00
3794.00000 3.613041469E+00
3795.00000 3.613533180E+00
3796.00000 3.614024129E+00
3797.00000 3.614514318E+00
3798.00000 3.615003748E+00
3799.00000 3.615492421E+00
3800.00000 3.615980338E+00
3801.00000 3.616467501E+00
3802.00000 3.616953909E+00
3803.00000 3.617439566E+00
3804.00000 3.617924472E+00
3805.00000 3.618408629E+00
3806.00000 3.618892037E+00
3807.00000 3.619374699E+00
3808.00000 3.619856615E+00
3809.00000 3.620337786E+00
3810.00000 3.620818215E+00
3811.00000 3.621297902E+00
3812.00000 3.621776849E+00
3813.00000 3.622255056E+00
3814.00000 3.622732526E+00
3815.00000 3.623209259E+00
3816.00000 3.623685257E+00
3817.00000 3.624160521E+00
3818.00000 3.624635052E+00
3819.00000 3.625108851E+00
3820.00000 3.625581921E+00
3821.00000 3.626054262E+00
3822.00000 3.626525875E+00
3823.00000 3.626996761E+00
3824.00000 3.627466923E+00
3825.00000 3.627936361E+00
3826.00000 3.628405076E+00
3827.00000 3.628873070E+00
3828.00000 3.629340344E+00
3829.00000 3.629806899E+00
3830.00000 3.630272736E+00
3831.00000 3.630737857E+00
3832.00000 3.631202263E+00
3833.00000 3.631665955E+00
3834.00000 3.632128935E+00
3835.00000 3.632591203E+00
3836.00000 3.633052761E+00
3837.00000 3.633513610E+00
3838.00000 3.633973752E+00
3839.00000 3.634433187E+00
3840.00000 3.634891917E+00
3841.00000 3.635349943E+00
3842.00000 3.635807266E+00
3843.00000 3.636263888E+00
3844.00000 3.636719809E+00
3845.00000 3.637175032E+00
3846.00000 3.637629556E+00
3847.00000 3.638083384E+00
3848.00000 3.638536516E+00
3849.00000 3.638988954E+00
3850.00000 3.639440699E+00
3851.00000 3.639891752E+00
3852.00000 3.640342115E+00
3853.00000 3.640791788E+00
3854.00000 3.641240773E+00
3855.00000 3.641689071E+00
3856.00000 3.642136683E+00
3857.00000 3.642583610E+00
3858.00000 3.643029854E+00
3859.00000 3.643475415E+00
3860.00000 3.643920296E+00
3861.00000 3.644364496E+00
3862.00000 3.644808018E+00
3863.00000 3.645250862E+00
3864.00000 3.645693030E+00
3865.00000 3.646134522E+00
3866.00000 3.646575341E+00
3867.00000 3.647015486E+00
3868.00000 3.647454960E+00
3869.00000 3.647893763E+00
3870.00000 3.648331897E+00
3871.00000 3.648769363E+00
3872.00000 3.649206162E+00
3873.00000 3.649642294E+00
3874.00000 3.650077762E+00
3875.00000 3.650512567E+00
3876.00000 3.650946709E+00
3877.00000 3.651380189E+00
3878.00000 3.651813010E+00
3879.00000 3.652245171E+00
3880.00000 3.652676675E+00
3881.00000 3.653107521E+00
3882.00000 3.653537713E+00
3883.00000 3.653967249E+00
3884.00000 3.654396133E+00
3885.00000 3.654824364E+00
3886.00000 3.655251944E+00
3887.00000 3.655678874E+00
3888.00000 3.656105156E+00
3889.00000 3.656530789E+00
3890.00000 3.656955777E+00
3891.00000 3.657380118E+00
3892.00000 3.657803816E+00
3893.00000 3.658226870E+00
3894.00000 3.658649282E+00
3895.00000 3.659071053E+00
3896.00000 3.659492184E+00
3897.00000 3.659912676E+00
3898.00000 3.660332531E+00
3899.00000 3.660751749E+00
3900.00000 3.661170332E+00
3901.00000 3.661588280E+00
3902.00000 3.662005595E+00
3903.00000 3.662422278E+00
3904.00000 3.662838330E+00
3905.00000 3.663253752E+00
3906.00000 3.663668544E+00
3907.00000 3.664082709E+00
3908.00000 3.664496248E+00
3909.00000 3.664909160E+00
3910.00000 3.665321449E+00
3911.00000 3.665733113E+00
3912.00000 3.666144155E+00
3913.00000 3.666554576E+00
3914.00000 3.666964377E+00
3915.00000 3.667373558E+00
3916.00000 3.667782122E+00
3917.00000 3.668190068E+00
3918.00000 3.668597398E+00
3919.00000 3.669004114E+00
3920.00000 3.669410215E+00
3921.00000 3.669815704E+00
3922.00000 3.670220581E+00
3923.00000 3.670624847E+00
3924.00000 3.671028504E+00
3925.00000 3.671431552E+00
3926.00000 3.671833992E+00
3927.00000 3.672235826E+00
3928.00000 3.672637055E+00
3929.00000 3.673037679E+00
3930.00000 3.673437700E+00
3931.00000 3.673837119E+00
3932.00000 3.674235936E+00
3933.00000 3.674634153E+00
3934.00000 3.675031771E+00
3935.00000 3.675428791E+00
3936.00000 3.675825213E+00
3937.00000 3.676221040E+00
3938.00000 3.676616271E+00
3939.00000 3.677010909E+00
3940.00000 3.677404953E+00
3941.00000 3.677798405E+00
3942.00000 3.678191267E+00
3943.00000 3.678583538E+00
3944.00000 3.678975220E+00
3945.00000 3.679366315E+00
3946.00000 3.679756822E+00
3947.00000 3.680146744E+00
3948.00000 3.680536081E+00
3949.00000 3.680924834E+00
3950.00000 3.681313004E+00
3951.00000 3.681700592E+00
3952.00000 3.682087599E+00
3953.00000 3.682474026E+00
3954.00000 3.682859875E+00
3955.00000 3.683245145E+00
3956.00000 3.683629839E+00
3957.00000 3.684013957E+00
3958.00000 3.684397499E+00
3959.00000 3.684780468E+00
3960.00000 3.685162864E+00
3961.00000 3.685544688E+00
3962.00000 3.685925941E+00
3963.00000 3.686306624E+00
3964.00000 3.686686738E+00
3965.00000 3.687066284E+00
3966.00000 3.687445263E+00
3967.00000 3.687823676E+00
3968.00000 3.688201524E+00
3969.00000 3.688578807E+00
3970.00000 3.688955528E+00
3971.00000 3.689331686E+00
3972.00000 3.689707283E+00
3973.00000 3.690082320E+00
3974.00000 3.690456797E+00
3975.00000 3.690830716E+00
3976.00000 3.691204078E+00
3977.00000 3.691576883E+00
3978.00000 3.691949133E+00
3979.00000 3.692320828E+00
3980.00000 3.692691969E+00
3981.00000 3.693062558E+00
3982.00000 3.693432596E+00
3983.00000 3.693802082E+00
3984.00000 3.694171019E+00
3985.00000 3.694539407E+00
3986.00000 3.694907247E+00
3987.00000 3.695274540E+00
3988.00000 3.695641287E+00
3989.00000 3.696007489E+00
3990.00000 3.696373147E+00
3991.00000 3.696738261E+00
3992.00000 3.697102834E+00
3993.00000 3.697466865E+00
3994.00000 3.697830355E+00
3995.00000 3.698193306E+00
3996.00000 3.698555718E+00
3997.00000 3.698917593E+00
3998.00000 3.699278931E+00
3999.00000 3.699639733E+00
4000.00000 3.700000000E+00
 
