 500.00000 2.997674115E+00
 501.00000 2.997327212E+00
 502.00000 2.996979563E+00
 503.00000 2.996631167E+00
 504.00000 2.996282024E+00
 505.00000 2.995932133E+00
 506.00000 2.995581495E+00
 507.00000 2.995230109E+00
 508.00000 2.994877975E+00
 509.00000 2.994525092E+00
 510.00000 2.994171460E+00
 511.00000 2.993817079E+00
 512.00000 2.993461948E+00
 513.00000 2.993106067E+00
 514.00000 2.992749436E+00
 515.00000 2.992392054E+00
 516.00000 2.992033922E+00
 517.00000 2.991675038E+00
 518.00000 2.991315403E+00
 519.00000 2.990955015E+00
 520.00000 2.990593876E+00
 521.00000 2.990231984E+00
 522.00000 2.989869339E+00
 523.00000 2.989505941E+00
 524.00000 2.989141789E+00
 525.00000 2.988776884E+00
 526.00000 2.988411224E+00
 527.00000 2.988044810E+00
 528.00000 2.987677641E+00
 529.00000 2.987309717E+00
 530.00000 2.986941037E+00
 531.00000 2.986571602E+00
 532.00000 2.986201410E+00
 533.00000 2.985830462E+00
 534.00000 2.985458757E+00
 535.00000 2.985086294E+00
 536.00000 2.984713075E+00
 537.00000 2.984339097E+00
 538.00000 2.983964361E+00
 539.00000 2.983588866E+00
 540.00000 2.983212613E+00
 541.00000 2.982835601E+00
 542.00000 2.982457829E+00
 543.00000 2.982079297E+00
 544.00000 2.981700004E+00
 545.00000 2.981319952E+00
 546.00000 2.980939138E+00
 547.00000 2.980557563E+00
 548.00000 2.980175226E+00
 549.00000 2.979792128E+00
 550.00000 2.979408267E+00
 551.00000 2.979023643E+00
 552.00000 2.978638257E+00
 553.00000 2.978252107E+00
 554.00000 2.977865194E+00
 555.00000 2.977477516E+00
 556.00000 2.977089074E+00
 557.00000 2.976699868E+00
 558.00000 2.976309896E+00
 559.00000 2.975919159E+00
 560.00000 2.975527656E+00
 561.00000 2.975135387E+00
 562.00000 2.974742351E+00
 563.00000 2.974348549E+00
 564.00000 2.973953979E+00
 565.00000 2.973558642E+00
 566.00000 2.973162537E+00
 567.00000 2.972765664E+00
 568.00000 2.972368022E+00
 569.00000 2.971969612E+00
 570.00000 2.971570432E+00
 571.00000 2.971170482E+00
 572.00000 2.970769762E+00
 573.00000 2.970368272E+00
 574.00000 2.969966011E+00
 575.00000 2.969562979E+00
 576.00000 2.969159176E+00
 577.00000 2.968754601E+00
 578.00000 2.968349253E+00
 579.00000 2.967943133E+00
 580.00000 2.967536240E+00
 581.00000 2.967128574E+00
 582.00000 2.966720134E+00
 583.00000 2.966310921E+00
 584.00000 2.965900932E+00
 585.00000 2.965490170E+00
 586.00000 2.965078632E+00
 587.00000 2.964666318E+00
 588.00000 2.964253229E+00
 589.00000 2.963839364E+00
 590.00000 2.963424722E+00
 591.00000 2.963009303E+00
 592.00000 2.962593107E+00
 593.00000 2.962176133E+00
 594.00000 2.961758381E+00
 595.00000 2.961339851E+00
 596.00000 2.960920542E+00
 597.00000 2.960500454E+00
 598.00000 2.960079586E+00
 599.00000 2.959657939E+00
 600.00000 2.959235511E+00
 601.00000 2.958812302E+00
 602.00000 2.958388313E+00
 603.00000 2.957963542E+00
 604.00000 2.957537990E+00
 605.00000 2.957111655E+00
 606.00000 2.956684538E+00
 607.00000 2.956256638E+00
 608.00000 2.955827954E+00
 609.00000 2.955398487E+00
 610.00000 2.954968236E+00
 611.00000 2.954537201E+00
 612.00000 2.954105381E+00
 613.00000 2.953672775E+00
 614.00000 2.953239385E+00
 615.00000 2.952805208E+00
 616.00000 2.952370245E+00
 617.00000 2.951934495E+00
 618.00000 2.951497958E+00
 619.00000 2.951060634E+00
 620.00000 2.950622522E+00
 621.00000 2.950183621E+00
 622.00000 2.949743932E+00
 623.00000 2.949303455E+00
 624.00000 2.948862187E+00
 625.00000 2.948420130E+00
 626.00000 2.947977283E+00
 627.00000 2.947533645E+00
 628.00000 2.947089217E+00
 629.00000 2.946643997E+00
 630.00000 2.946197985E+00
 631.00000 2.945751181E+00
 632.00000 2.945303585E+00
 633.00000 2.944855196E+00
 634.00000 2.944406014E+00
 635.00000 2.943956038E+00
 636.00000 2.943505268E+00
 637.00000 2.943053703E+00
 638.00000 2.942601344E+00
 639.00000 2.942148189E+00
 640.00000 2.941694239E+00
 641.00000 2.941239493E+00
 642.00000 2.940783950E+00
 643.00000 2.940327611E+00
 644.00000 2.939870474E+00
 645.00000 2.939412540E+00
 646.00000 2.938953808E+00
 647.00000 2.938494277E+00
 648.00000 2.938033948E+00
 649.00000 2.937572819E+00
 650.00000 2.937110891E+00
 651.00000 2.936648163E+00
 652.00000 2.936184634E+00
 653.00000 2.935720305E+00
 654.00000 2.935255174E+00
 655.00000 2.934789242E+00
 656.00000 2.934322508E+00
 657.00000 2.933854971E+00
 658.00000 2.933386631E+00
 659.00000 2.932917489E+00
 660.00000 2.932447543E+00
 661.00000 2.931976792E+00
 662.00000 2.931505237E+00
 663.00000 2.931032878E+00
 664.00000 2.930559713E+00
 665.00000 2.930085743E+00
 666.00000 2.929610966E+00
 667.00000 2.929135383E+00
 668.00000 2.928658993E+00
 669.00000 2.928181796E+00
 670.00000 2.927703791E+00
 671.00000 2.927224978E+00
 672.00000 2.926745357E+00
 673.00000 2.926264926E+00
 674.00000 2.925783686E+00
 675.00000 2.925301637E+00
 676.00000 2.924818777E+00
 677.00000 2.924335107E+00
 678.00000 2.923850626E+00
 679.00000 2.923365333E+00
 680.00000 2.922879229E+00
 681.00000 2.922392312E+00
 682.00000 2.921904582E+00
 683.00000 2.921416040E+00
 684.00000 2.920926684E+00
 685.00000 2.920436514E+00
 686.00000 2.919945530E+00
 687.00000 2.919453731E+00
 688.00000 2.918961117E+00
 689.00000 2.918467687E+00
 690.00000 2.917973442E+00
 691.00000 2.917478379E+00
 692.00000 2.916982501E+00
 693.00000 2.916485804E+00
 694.00000 2.915988291E+00
 695.00000 2.915489959E+00
 696.00000 2.914990808E+00
 697.00000 2.914490839E+00
 698.00000 2.913990050E+00
 699.00000 2.913488441E+00
 700.00000 2.912986012E+00
 701.00000 2.912482763E+00
 702.00000 2.911978692E+00
 703.00000 2.911473800E+00
 704.00000 2.910968086E+00
 705.00000 2.910461550E+00
 706.00000 2.909954191E+00
 707.00000 2.909446008E+00
 708.00000 2.908937002E+00
 709.00000 2.908427172E+00
 710.00000 2.907916518E+00
 711.00000 2.907405038E+00
 712.00000 2.906892734E+00
 713.00000 2.906379603E+00
 714.00000 2.905865646E+00
 715.00000 2.905350863E+00
 716.00000 2.904835252E+00
 717.00000 2.904318814E+00
 718.00000 2.903801548E+00
 719.00000 2.903283454E+00
 720.00000 2.902764531E+00
 721.00000 2.902244779E+00
 722.00000 2.901724197E+00
 723.00000 2.901202784E+00
 724.00000 2.900680542E+00
 725.00000 2.900157468E+00
 726.00000 2.899633563E+00
 727.00000 2.899108826E+00
 728.00000 2.898583257E+00
 729.00000 2.898056855E+00
 730.00000 2.897529620E+00
 731.00000 2.897001551E+00
 732.00000 2.896472648E+00
 733.00000 2.895942911E+00
 734.00000 2.895412339E+00
 735.00000 2.894880931E+00
 736.00000 2.894348688E+00
 737.00000 2.893815608E+00
 738.00000 2.893281692E+00
 739.00000 2.892746938E+00
 740.00000 2.892211347E+00
 741.00000 2.891674918E+00
 742.00000 2.891137651E+00
 743.00000 2.890599545E+00
 744.00000 2.890060599E+00
 745.00000 2.889520813E+00
 746.00000 2.888980188E+00
 747.00000 2.888438721E+00
 748.00000 2.887896414E+00
 749.00000 2.887353265E+00
 750.00000 2.886809274E+00
 751.00000 2.886264440E+00
 752.00000 2.885718764E+00
 753.00000 2.885172244E+00
 754.00000 2.884624880E+00
 755.00000 2.884076672E+00
 756.00000 2.883527620E+00
 757.00000 2.882977722E+00
 758.00000 2.882426979E+00
 759.00000 2.881875389E+00
 760.00000 2.881322953E+00
 761.00000 2.880769670E+00
 762.00000 2.880215540E+00
 763.00000 2.879660562E+00
 764.00000 2.879104736E+00
 765.00000 2.878548060E+00
 766.00000 2.877990536E+00
 767.00000 2.877432162E+00
 768.00000 2.876872938E+00
 769.00000 2.876312863E+00
 770.00000 2.875751937E+00
 771.00000 2.875190160E+00
 772.00000 2.874627531E+00
 773.00000 2.874064049E+00
 774.00000 2.873499715E+00
 775.00000 2.872934527E+00
 776.00000 2.872368486E+00
 777.00000 2.871801590E+00
 778.00000 2.871233840E+00
 779.00000 2.870665234E+00
 780.00000 2.870095773E+00
 781.00000 2.869525456E+00
 782.00000 2.868954283E+00
 783.00000 2.868382252E+00
 784.00000 2.867809364E+00
 785.00000 2.867235618E+00
 786.00000 2.866661014E+00
 787.00000 2.866085551E+00
 788.00000 2.865509228E+00
 789.00000 2.864932046E+00
 790.00000 2.864354004E+00
 791.00000 2.863775101E+00
 792.00000 2.863195337E+00
 793.00000 2.862614712E+00
 794.00000 2.862033224E+00
 795.00000 2.861450874E+00
 796.00000 2.860867661E+00
 797.00000 2.860283585E+00
 798.00000 2.859698644E+00
 799.00000 2.859112840E+00
 800.00000 2.858526170E+00
 801.00000 2.857938635E+00
 802.00000 2.857350235E+00
 803.00000 2.856760968E+00
 804.00000 2.856170835E+00
 805.00000 2.855579834E+00
 806.00000 2.854987966E+00
 807.00000 2.854395229E+00
 808.00000 2.853801625E+00
 809.00000 2.853207151E+00
 810.00000 2.852611807E+00
 811.00000 2.852015594E+00
 812.00000 2.851418510E+00
 813.00000 2.850820556E+00
 814.00000 2.850221730E+00
 815.00000 2.849622032E+00
 816.00000 2.849021462E+00
 817.00000 2.848420019E+00
 818.00000 2.847817703E+00
 819.00000 2.847214513E+00
 820.00000 2.846610449E+00
 821.00000 2.846005511E+00
 822.00000 2.845399697E+00
 823.00000 2.844793007E+00
 824.00000 2.844185442E+00
 825.00000 2.843577000E+00
 826.00000 2.842967681E+00
 827.00000 2.842357485E+00
 828.00000 2.841746410E+00
 829.00000 2.841134457E+00
 830.00000 2.840521626E+00
 831.00000 2.839907914E+00
 832.00000 2.839293323E+00
 833.00000 2.838677852E+00
 834.00000 2.838061500E+00
 835.00000 2.837444267E+00
 836.00000 2.836826151E+00
 837.00000 2.836207154E+00
 838.00000 2.835587274E+00
 839.00000 2.834966511E+00
 840.00000 2.834344864E+00
 841.00000 2.833722333E+00
 842.00000 2.833098917E+00
 843.00000 2.832474616E+00
 844.00000 2.831849430E+00
 845.00000 2.831223358E+00
 846.00000 2.830596399E+00
 847.00000 2.829968553E+00
 848.00000 2.829339820E+00
 849.00000 2.828710198E+00
 850.00000 2.828079688E+00
 851.00000 2.827448290E+00
 852.00000 2.826816002E+00
 853.00000 2.826182824E+00
 854.00000 2.825548756E+00
 855.00000 2.824913797E+00
 856.00000 2.824277946E+00
 857.00000 2.823641204E+00
 858.00000 2.823003569E+00
 859.00000 2.822365042E+00
 860.00000 2.821725622E+00
 861.00000 2.821085308E+00
 862.00000 2.820444099E+00
 863.00000 2.819801996E+00
 864.00000 2.819158998E+00
 865.00000 2.818515104E+00
 866.00000 2.817870314E+00
 867.00000 2.817224628E+00
 868.00000 2.816578044E+00
 869.00000 2.815930563E+00
 870.00000 2.815282184E+00
 871.00000 2.814632906E+00
 872.00000 2.813982729E+00
 873.00000 2.813331653E+00
 874.00000 2.812679676E+00
 875.00000 2.812026800E+00
 876.00000 2.811373022E+00
 877.00000 2.810718343E+00
 878.00000 2.810062762E+00
 879.00000 2.809406278E+00
 880.00000 2.808748892E+00
 881.00000 2.808090602E+00
 882.00000 2.807431408E+00
 883.00000 2.806771310E+00
 884.00000 2.806110308E+00
 885.00000 2.805448400E+00
 886.00000 2.804785586E+00
 887.00000 2.804121865E+00
 888.00000 2.803457239E+00
 889.00000 2.802791704E+00
 890.00000 2.802125262E+00
 891.00000 2.801457912E+00
 892.00000 2.800789653E+00
 893.00000 2.800120485E+00
 894.00000 2.799450408E+00
 895.00000 2.798779420E+00
 896.00000 2.798107521E+00
 897.00000 2.797434711E+00
 898.00000 2.796760990E+00
 899.00000 2.796086356E+00
 900.00000 2.795410810E+00
 901.00000 2.794734351E+00
 902.00000 2.794056978E+00
 903.00000 2.793378691E+00
 904.00000 2.792699490E+00
 905.00000 2.792019374E+00
 906.00000 2.791338342E+00
 907.00000 2.790656394E+00
 908.00000 2.789973529E+00
 909.00000 2.789289748E+00
 910.00000 2.788605049E+00
 911.00000 2.787919432E+00
 912.00000 2.787232896E+00
 913.00000 2.786545442E+00
 914.00000 2.785857068E+00
 915.00000 2.785167775E+00
 916.00000 2.784477561E+00
 917.00000 2.783786426E+00
 918.00000 2.783094369E+00
 919.00000 2.782401391E+00
 920.00000 2.781707490E+00
 921.00000 2.781012667E+00
 922.00000 2.780316920E+00
 923.00000 2.779620249E+00
 924.00000 2.778922655E+00
 925.00000 2.778224135E+00
 926.00000 2.777524690E+00
 927.00000 2.776824319E+00
 928.00000 2.776123022E+00
 929.00000 2.775420798E+00
 930.00000 2.774717647E+00
 931.00000 2.774013568E+00
 932.00000 2.773308561E+00
 933.00000 2.772602625E+00
 934.00000 2.771895760E+00
 935.00000 2.771187965E+00
 936.00000 2.770479241E+00
 937.00000 2.769769585E+00
 938.00000 2.769058998E+00
 939.00000 2.768347480E+00
 940.00000 2.767635030E+00
 941.00000 2.766921646E+00
 942.00000 2.766207330E+00
 943.00000 2.765492080E+00
 944.00000 2.764775896E+00
 945.00000 2.764058778E+00
 946.00000 2.763340724E+00
 947.00000 2.762621735E+00
 948.00000 2.761901810E+00
 949.00000 2.761180949E+00
 950.00000 2.760459150E+00
 951.00000 2.759736414E+00
 952.00000 2.759012740E+00
 953.00000 2.758288127E+00
 954.00000 2.757562575E+00
 955.00000 2.756836084E+00
 956.00000 2.756108653E+00
 957.00000 2.755380282E+00
 958.00000 2.754650969E+00
 959.00000 2.753920715E+00
 960.00000 2.753189520E+00
 961.00000 2.752457381E+00
 962.00000 2.751724301E+00
 963.00000 2.750990276E+00
 964.00000 2.750255308E+00
 965.00000 2.749519395E+00
 966.00000 2.748782538E+00
 967.00000 2.748044736E+00
 968.00000 2.747305987E+00
 969.00000 2.746566292E+00
 970.00000 2.745825651E+00
 971.00000 2.745084062E+00
 972.00000 2.744341526E+00
 973.00000 2.743598041E+00
 974.00000 2.742853608E+00
 975.00000 2.742108225E+00
 976.00000 2.741361893E+00
 977.00000 2.740614610E+00
 978.00000 2.739866377E+00
 979.00000 2.739117193E+00
 980.00000 2.738367057E+00
 981.00000 2.737615969E+00
 982.00000 2.736863929E+00
 983.00000 2.736110935E+00
 984.00000 2.735356988E+00
 985.00000 2.734602086E+00
 986.00000 2.733846231E+00
 987.00000 2.733089420E+00
 988.00000 2.732331654E+00
 989.00000 2.731572931E+00
 990.00000 2.730813253E+00
 991.00000 2.730052617E+00
 992.00000 2.729291024E+00
 993.00000 2.728528473E+00
 994.00000 2.727764964E+00
 995.00000 2.727000495E+00
 996.00000 2.726235068E+00
 997.00000 2.725468680E+00
 998.00000 2.724701333E+00
 999.00000 2.723933024E+00
1000.00000 2.723163754E+00
1001.00000 2.722393523E+00
1002.00000 2.721622329E+00
1003.00000 2.720850172E+00
1004.00000 2.720077053E+00
1005.00000 2.719302969E+00
1006.00000 2.718527922E+00
1007.00000 2.717751909E+00
1008.00000 2.716974932E+00
1009.00000 2.716196989E+00
1010.00000 2.715418080E+00
1011.00000 2.714638205E+00
1012.00000 2.713857362E+00
1013.00000 2.713075552E+00
1014.00000 2.712292774E+00
1015.00000 2.711509027E+00
1016.00000 2.710724312E+00
1017.00000 2.709938627E+00
1018.00000 2.709151972E+00
1019.00000 2.708364347E+00
1020.00000 2.707575751E+00
1021.00000 2.706786184E+00
1022.00000 2.705995645E+00
1023.00000 2.705204134E+00
1024.00000 2.704411650E+00
1025.00000 2.703618193E+00
1026.00000 2.702823762E+00
1027.00000 2.702028357E+00
1028.00000 2.701231977E+00
1029.00000 2.700434623E+00
1030.00000 2.699636292E+00
1031.00000 2.698836986E+00
1032.00000 2.698036703E+00
1033.00000 2.697235443E+00
1034.00000 2.696433206E+00
1035.00000 2.695629991E+00
1036.00000 2.694825798E+00
1037.00000 2.694020625E+00
1038.00000 2.693214474E+00
1039.00000 2.692407342E+00
1040.00000 2.691599230E+00
1041.00000 2.690790138E+00
1042.00000 2.689980064E+00
1043.00000 2.689169009E+00
1044.00000 2.688356972E+00
1045.00000 2.687543952E+00
1046.00000 2.686729949E+00
1047.00000 2.685914962E+00
1048.00000 2.685098992E+00
1049.00000 2.684282037E+00
1050.00000 2.683464097E+00
1051.00000 2.682645172E+00
1052.00000 2.681825261E+00
1053.00000 2.681004364E+00
1054.00000 2.680182480E+00
1055.00000 2.679359609E+00
1056.00000 2.678535750E+00
1057.00000 2.677710903E+00
1058.00000 2.676885067E+00
1059.00000 2.676058243E+00
1060.00000 2.675230429E+00
1061.00000 2.674401625E+00
1062.00000 2.673571830E+00
1063.00000 2.672741045E+00
1064.00000 2.671909268E+00
1065.00000 2.671076500E+00
1066.00000 2.670242739E+00
1067.00000 2.669407986E+00
1068.00000 2.668572240E+00
1069.00000 2.667735500E+00
1070.00000 2.666897766E+00
1071.00000 2.666059037E+00
1072.00000 2.665219314E+00
1073.00000 2.664378595E+00
1074.00000 2.663536880E+00
1075.00000 2.662694169E+00
1076.00000 2.661850462E+00
1077.00000 2.661005757E+00
1078.00000 2.660160055E+00
1079.00000 2.659313354E+00
1080.00000 2.658465655E+00
1081.00000 2.657616957E+00
1082.00000 2.656767260E+00
1083.00000 2.655916562E+00
1084.00000 2.655064865E+00
1085.00000 2.654212167E+00
1086.00000 2.653358467E+00
1087.00000 2.652503766E+00
1088.00000 2.651648063E+00
1089.00000 2.650791357E+00
1090.00000 2.649933649E+00
1091.00000 2.649074937E+00
1092.00000 2.648215221E+00
1093.00000 2.647354501E+00
1094.00000 2.646492777E+00
1095.00000 2.645630047E+00
1096.00000 2.644766312E+00
1097.00000 2.643901571E+00
1098.00000 2.643035823E+00
1099.00000 2.642169069E+00
1100.00000 2.641301307E+00
1101.00000 2.640432537E+00
1102.00000 2.639562760E+00
1103.00000 2.638691974E+00
1104.00000 2.637820178E+00
1105.00000 2.636947374E+00
1106.00000 2.636073559E+00
1107.00000 2.635198735E+00
1108.00000 2.634322899E+00
1109.00000 2.633446053E+00
1110.00000 2.632568195E+00
1111.00000 2.631689325E+00
1112.00000 2.630809443E+00
1113.00000 2.629928547E+00
1114.00000 2.629046639E+00
1115.00000 2.628163717E+00
1116.00000 2.627279781E+00
1117.00000 2.626394830E+00
1118.00000 2.625508865E+00
1119.00000 2.624621884E+00
1120.00000 2.623733888E+00
1121.00000 2.622844875E+00
1122.00000 2.621954846E+00
1123.00000 2.621063800E+00
1124.00000 2.620171736E+00
1125.00000 2.619278655E+00
1126.00000 2.618384556E+00
1127.00000 2.617489437E+00
1128.00000 2.616593300E+00
1129.00000 2.615696144E+00
1130.00000 2.614797968E+00
1131.00000 2.613898771E+00
1132.00000 2.612998554E+00
1133.00000 2.612097316E+00
1134.00000 2.611195057E+00
1135.00000 2.610291775E+00
1136.00000 2.609387472E+00
1137.00000 2.608482146E+00
1138.00000 2.607575796E+00
1139.00000 2.606668424E+00
1140.00000 2.605760027E+00
1141.00000 2.604850607E+00
1142.00000 2.603940162E+00
1143.00000 2.603028692E+00
1144.00000 2.602116196E+00
1145.00000 2.601202675E+00
1146.00000 2.600288127E+00
1147.00000 2.599372554E+00
1148.00000 2.598455953E+00
1149.00000 2.597538324E+00
1150.00000 2.596619669E+00
1151.00000 2.595699985E+00
1152.00000 2.594779272E+00
1153.00000 2.593857531E+00
1154.00000 2.592934761E+00
1155.00000 2.592010961E+00
1156.00000 2.591086131E+00
1157.00000 2.590160271E+00
1158.00000 2.589233380E+00
1159.00000 2.588305458E+00
1160.00000 2.587376504E+00
1161.00000 2.586446519E+00
1162.00000 2.585515501E+00
1163.00000 2.584583451E+00
1164.00000 2.583650368E+00
1165.00000 2.582716251E+00
1166.00000 2.581781101E+00
1167.00000 2.580844917E+00
1168.00000 2.579907699E+00
1169.00000 2.578969446E+00
1170.00000 2.578030157E+00
1171.00000 2.577089834E+00
1172.00000 2.576148474E+00
1173.00000 2.575206078E+00
1174.00000 2.574262646E+00
1175.00000 2.573318177E+00
1176.00000 2.572372670E+00
1177.00000 2.571426126E+00
1178.00000 2.570478544E+00
1179.00000 2.569529924E+00
1180.00000 2.568580265E+00
1181.00000 2.567629567E+00
1182.00000 2.566677830E+00
1183.00000 2.565725053E+00
1184.00000 2.564771237E+00
1185.00000 2.563816379E+00
1186.00000 2.562860482E+00
1187.00000 2.561903543E+00
1188.00000 2.560945562E+00
1189.00000 2.559986541E+00
1190.00000 2.559026477E+00
1191.00000 2.558065370E+00
1192.00000 2.557103221E+00
1193.00000 2.556140029E+00
1194.00000 2.555175794E+00
1195.00000 2.554210515E+00
1196.00000 2.553244192E+00
1197.00000 2.552276825E+00
1198.00000 2.551308413E+00
1199.00000 2.550338957E+00
1200.00000 2.549368455E+00
1201.00000 2.548396907E+00
1202.00000 2.547424314E+00
1203.00000 2.546450674E+00
1204.00000 2.545475988E+00
1205.00000 2.544500255E+00
1206.00000 2.543523475E+00
1207.00000 2.542545647E+00
1208.00000 2.541566772E+00
1209.00000 2.540586849E+00
1210.00000 2.539605877E+00
1211.00000 2.538623857E+00
1212.00000 2.537640787E+00
1213.00000 2.536656669E+00
1214.00000 2.535671501E+00
1215.00000 2.534685283E+00
1216.00000 2.533698015E+00
1217.00000 2.532709697E+00
1218.00000 2.531720328E+00
1219.00000 2.530729908E+00
1220.00000 2.529738437E+00
1221.00000 2.528745914E+00
1222.00000 2.527752340E+00
1223.00000 2.526757713E+00
1224.00000 2.525762034E+00
1225.00000 2.524765302E+00
1226.00000 2.523767518E+00
1227.00000 2.522768680E+00
1228.00000 2.521768789E+00
1229.00000 2.520767844E+00
1230.00000 2.519765845E+00
1231.00000 2.518762792E+00
1232.00000 2.517758684E+00
1233.00000 2.516753521E+00
1234.00000 2.515747304E+00
1235.00000 2.514740031E+00
1236.00000 2.513731702E+00
1237.00000 2.512722318E+00
1238.00000 2.511711878E+00
1239.00000 2.510700381E+00
1240.00000 2.509687828E+00
1241.00000 2.508674218E+00
1242.00000 2.507659551E+00
1243.00000 2.506643827E+00
1244.00000 2.505627045E+00
1245.00000 2.504609205E+00
1246.00000 2.503590307E+00
1247.00000 2.502570352E+00
1248.00000 2.501549337E+00
1249.00000 2.500527264E+00
1250.00000 2.499504132E+00
1251.00000 2.498479941E+00
1252.00000 2.497454691E+00
1253.00000 2.496428381E+00
1254.00000 2.495401011E+00
1255.00000 2.494372581E+00
1256.00000 2.493343091E+00
1257.00000 2.492312540E+00
1258.00000 2.491280929E+00
1259.00000 2.490248257E+00
1260.00000 2.489214523E+00
1261.00000 2.488179729E+00
1262.00000 2.487143873E+00
1263.00000 2.486106955E+00
1264.00000 2.485068976E+00
1265.00000 2.484029934E+00
1266.00000 2.482989830E+00
1267.00000 2.481948664E+00
1268.00000 2.480906435E+00
1269.00000 2.479863143E+00
1270.00000 2.478818788E+00
1271.00000 2.477773370E+00
1272.00000 2.476726888E+00
1273.00000 2.475679343E+00
1274.00000 2.474630734E+00
1275.00000 2.473581062E+00
1276.00000 2.472530325E+00
1277.00000 2.471478524E+00
1278.00000 2.470425658E+00
1279.00000 2.469371728E+00
1280.00000 2.468316733E+00
1281.00000 2.467260674E+00
1282.00000 2.466203549E+00
1283.00000 2.465145359E+00
1284.00000 2.464086104E+00
1285.00000 2.463025783E+00
1286.00000 2.461964396E+00
1287.00000 2.460901944E+00
1288.00000 2.459838426E+00
1289.00000 2.458773842E+00
1290.00000 2.457708191E+00
1291.00000 2.456641474E+00
1292.00000 2.455573691E+00
1293.00000 2.454504841E+00
1294.00000 2.453434924E+00
1295.00000 2.452363941E+00
1296.00000 2.451291890E+00
1297.00000 2.450218773E+00
1298.00000 2.449144588E+00
1299.00000 2.448069336E+00
1300.00000 2.446993016E+00
1301.00000 2.445915629E+00
1302.00000 2.444837174E+00
1303.00000 2.443757652E+00
1304.00000 2.442677061E+00
1305.00000 2.441595403E+00
1306.00000 2.440512677E+00
1307.00000 2.439428882E+00
1308.00000 2.438344020E+00
1309.00000 2.437258089E+00
1310.00000 2.436171089E+00
1311.00000 2.435083021E+00
1312.00000 2.433993885E+00
1313.00000 2.432903680E+00
1314.00000 2.431812406E+00
1315.00000 2.430720063E+00
1316.00000 2.429626652E+00
1317.00000 2.428532172E+00
1318.00000 2.427436622E+00
1319.00000 2.426340004E+00
1320.00000 2.425242317E+00
1321.00000 2.424143560E+00
1322.00000 2.423043735E+00
1323.00000 2.421942840E+00
1324.00000 2.420840876E+00
1325.00000 2.419737842E+00
1326.00000 2.418633739E+00
1327.00000 2.417528567E+00
1328.00000 2.416422326E+00
1329.00000 2.415315015E+00
1330.00000 2.414206634E+00
1331.00000 2.413097184E+00
1332.00000 2.411986665E+00
1333.00000 2.410875076E+00
1334.00000 2.409762417E+00
1335.00000 2.408648689E+00
1336.00000 2.407533892E+00
1337.00000 2.406418025E+00
1338.00000 2.405301088E+00
1339.00000 2.404183082E+00
1340.00000 2.403064006E+00
1341.00000 2.401943861E+00
1342.00000 2.400822646E+00
1343.00000 2.399700361E+00
1344.00000 2.398577008E+00
1345.00000 2.397452584E+00
1346.00000 2.396327092E+00
1347.00000 2.395200529E+00
1348.00000 2.394072898E+00
1349.00000 2.392944197E+00
1350.00000 2.391814427E+00
1351.00000 2.390683587E+00
1352.00000 2.389551679E+00
1353.00000 2.388418701E+00
1354.00000 2.387284654E+00
1355.00000 2.386149538E+00
1356.00000 2.385013353E+00
1357.00000 2.383876099E+00
1358.00000 2.382737776E+00
1359.00000 2.381598384E+00
1360.00000 2.380457924E+00
1361.00000 2.379316395E+00
1362.00000 2.378173797E+00
1363.00000 2.377030131E+00
1364.00000 2.375885396E+00
1365.00000 2.374739593E+00
1366.00000 2.373592722E+00
1367.00000 2.372444783E+00
1368.00000 2.371295776E+00
1369.00000 2.370145701E+00
1370.00000 2.368994558E+00
1371.00000 2.367842347E+00
1372.00000 2.366689069E+00
1373.00000 2.365534723E+00
1374.00000 2.364379310E+00
1375.00000 2.363222830E+00
1376.00000 2.362065282E+00
1377.00000 2.360906668E+00
1378.00000 2.359746987E+00
1379.00000 2.358586239E+00
1380.00000 2.357424424E+00
1381.00000 2.356261544E+00
1382.00000 2.355097597E+00
1383.00000 2.353932584E+00
1384.00000 2.352766505E+00
1385.00000 2.351599360E+00
1386.00000 2.350431150E+00
1387.00000 2.349261874E+00
1388.00000 2.348091533E+00
1389.00000 2.346920127E+00
1390.00000 2.345747656E+00
1391.00000 2.344574121E+00
1392.00000 2.343399521E+00
1393.00000 2.342223857E+00
1394.00000 2.341047128E+00
1395.00000 2.339869336E+00
1396.00000 2.338690480E+00
1397.00000 2.337510561E+00
1398.00000 2.336329578E+00
1399.00000 2.335147533E+00
1400.00000 2.333964425E+00
1401.00000 2.332780254E+00
1402.00000 2.331595020E+00
1403.00000 2.330408725E+00
1404.00000 2.329221368E+00
1405.00000 2.328032949E+00
1406.00000 2.326843469E+00
1407.00000 2.325652928E+00
1408.00000 2.324461326E+00
1409.00000 2.323268663E+00
1410.00000 2.322074940E+00
1411.00000 2.320880157E+00
1412.00000 2.319684314E+00
1413.00000 2.318487412E+00
1414.00000 2.317289451E+00
1415.00000 2.316090430E+00
1416.00000 2.314890351E+00
1417.00000 2.313689214E+00
1418.00000 2.312487019E+00
1419.00000 2.311283766E+00
1420.00000 2.310079455E+00
1421.00000 2.308874088E+00
1422.00000 2.307667664E+00
1423.00000 2.306460183E+00
1424.00000 2.305251646E+00
1425.00000 2.304042054E+00
1426.00000 2.302831406E+00
1427.00000 2.301619703E+00
1428.00000 2.300406945E+00
1429.00000 2.299193133E+00
1430.00000 2.297978267E+00
1431.00000 2.296762347E+00
1432.00000 2.295545374E+00
1433.00000 2.294327348E+00
1434.00000 2.293108269E+00
1435.00000 2.291888138E+00
1436.00000 2.290666956E+00
1437.00000 2.289444722E+00
1438.00000 2.288221437E+00
1439.00000 2.286997101E+00
1440.00000 2.285771716E+00
1441.00000 2.284545280E+00
1442.00000 2.283317795E+00
1443.00000 2.282089261E+00
1444.00000 2.280859679E+00
1445.00000 2.279629049E+00
1446.00000 2.278397371E+00
1447.00000 2.277164645E+00
1448.00000 2.275930873E+00
1449.00000 2.274696055E+00
1450.00000 2.273460191E+00
1451.00000 2.272223281E+00
1452.00000 2.270985327E+00
1453.00000 2.269746328E+00
1454.00000 2.268506285E+00
1455.00000 2.267265198E+00
1456.00000 2.266023069E+00
1457.00000 2.264779897E+00
1458.00000 2.263535682E+00
1459.00000 2.262290427E+00
1460.00000 2.261044130E+00
1461.00000 2.259796793E+00
1462.00000 2.258548416E+00
1463.00000 2.257298999E+00
1464.00000 2.256048544E+00
1465.00000 2.254797050E+00
1466.00000 2.253544518E+00
1467.00000 2.252290949E+00
1468.00000 2.251036343E+00
1469.00000 2.249780701E+00
1470.00000 2.248524023E+00
1471.00000 2.247266310E+00
1472.00000 2.246007562E+00
1473.00000 2.244747781E+00
1474.00000 2.243486966E+00
1475.00000 2.242225119E+00
1476.00000 2.240962239E+00
1477.00000 2.239698328E+00
1478.00000 2.238433386E+00
1479.00000 2.237167413E+00
1480.00000 2.235900411E+00
1481.00000 2.234632379E+00
1482.00000 2.233363319E+00
1483.00000 2.232093231E+00
1484.00000 2.230822116E+00
1485.00000 2.229549975E+00
1486.00000 2.228276807E+00
1487.00000 2.227002614E+00
1488.00000 2.225727397E+00
1489.00000 2.224451156E+00
1490.00000 2.223173891E+00
1491.00000 2.221895604E+00
1492.00000 2.220616295E+00
1493.00000 2.219335965E+00
1494.00000 2.218054614E+00
1495.00000 2.216772243E+00
1496.00000 2.215488854E+00
1497.00000 2.214204446E+00
1498.00000 2.212919020E+00
1499.00000 2.211632577E+00
1500.00000 2.210345119E+00
1501.00000 2.209056645E+00
1502.00000 2.207767156E+00
1503.00000 2.206476653E+00
1504.00000 2.205185137E+00
1505.00000 2.203892609E+00
1506.00000 2.202599069E+00
1507.00000 2.201304518E+00
1508.00000 2.200008957E+00
1509.00000 2.198712387E+00
1510.00000 2.197414808E+00
1511.00000 2.196116221E+00
1512.00000 2.194816628E+00
1513.00000 2.193516029E+00
1514.00000 2.192214424E+00
1515.00000 2.190911815E+00
1516.00000 2.189608203E+00
1517.00000 2.188303588E+00
1518.00000 2.186997971E+00
1519.00000 2.185691353E+00
1520.00000 2.184383734E+00
1521.00000 2.183075117E+00
1522.00000 2.181765501E+00
1523.00000 2.180454887E+00
1524.00000 2.179143277E+00
1525.00000 2.177830672E+00
1526.00000 2.176517071E+00
1527.00000 2.175202476E+00
1528.00000 2.173886889E+00
1529.00000 2.172570309E+00
1530.00000 2.171252738E+00
1531.00000 2.169934177E+00
1532.00000 2.168614627E+00
1533.00000 2.167294088E+00
1534.00000 2.165972562E+00
1535.00000 2.164650050E+00
1536.00000 2.163326552E+00
1537.00000 2.162002070E+00
1538.00000 2.160676604E+00
1539.00000 2.159350156E+00
1540.00000 2.158022726E+00
1541.00000 2.156694316E+00
1542.00000 2.155364926E+00
1543.00000 2.154034558E+00
1544.00000 2.152703213E+00
1545.00000 2.151370891E+00
1546.00000 2.150037593E+00
1547.00000 2.148703322E+00
1548.00000 2.147368077E+00
1549.00000 2.146031861E+00
1550.00000 2.144694673E+00
1551.00000 2.143356515E+00
1552.00000 2.142017388E+00
1553.00000 2.140677293E+00
1554.00000 2.139336232E+00
1555.00000 2.137994205E+00
1556.00000 2.136651213E+00
1557.00000 2.135307258E+00
1558.00000 2.133962341E+00
1559.00000 2.132616463E+00
1560.00000 2.131269625E+00
1561.00000 2.129921828E+00
1562.00000 2.128573073E+00
1563.00000 2.127223362E+00
1564.00000 2.125872695E+00
1565.00000 2.124521075E+00
1566.00000 2.123168501E+00
1567.00000 2.121814976E+00
1568.00000 2.120460501E+00
1569.00000 2.119105076E+00
1570.00000 2.117748702E+00
1571.00000 2.116391382E+00
1572.00000 2.115033117E+00
1573.00000 2.113673907E+00
1574.00000 2.112313754E+00
1575.00000 2.110952659E+00
1576.00000 2.109590624E+00
1577.00000 2.108227649E+00
1578.00000 2.106863736E+00
1579.00000 2.105498887E+00
1580.00000 2.104133102E+00
1581.00000 2.102766383E+00
1582.00000 2.101398732E+00
1583.00000 2.100030148E+00
1584.00000 2.098660635E+00
1585.00000 2.097290193E+00
1586.00000 2.095918824E+00
1587.00000 2.094546528E+00
1588.00000 2.093173308E+00
1589.00000 2.091799165E+00
1590.00000 2.090424099E+00
1591.00000 2.089048113E+00
1592.00000 2.087671208E+00
1593.00000 2.086293386E+00
1594.00000 2.084914647E+00
1595.00000 2.083534993E+00
1596.00000 2.082154425E+00
1597.00000 2.080772946E+00
1598.00000 2.079390556E+00
1599.00000 2.078007257E+00
1600.00000 2.076623051E+00
1601.00000 2.075237938E+00
1602.00000 2.073851921E+00
1603.00000 2.072465000E+00
1604.00000 2.071077178E+00
1605.00000 2.069688456E+00
1606.00000 2.068298836E+00
1607.00000 2.066908318E+00
1608.00000 2.065516904E+00
1609.00000 2.064124597E+00
1610.00000 2.062731398E+00
1611.00000 2.061337307E+00
1612.00000 2.059942327E+00
1613.00000 2.058546460E+00
1614.00000 2.057149706E+00
1615.00000 2.055752068E+00
1616.00000 2.054353547E+00
1617.00000 2.052954145E+00
1618.00000 2.051553863E+00
1619.00000 2.050152704E+00
1620.00000 2.048750668E+00
1621.00000 2.047347757E+00
1622.00000 2.045943973E+00
1623.00000 2.044539318E+00
1624.00000 2.043133794E+00
1625.00000 2.041727401E+00
1626.00000 2.040320142E+00
1627.00000 2.038912019E+00
1628.00000 2.037503033E+00
1629.00000 2.036093186E+00
1630.00000 2.034682479E+00
1631.00000 2.033270915E+00
1632.00000 2.031858495E+00
1633.00000 2.030445221E+00
1634.00000 2.029031095E+00
1635.00000 2.027616118E+00
1636.00000 2.026200293E+00
1637.00000 2.024783621E+00
1638.00000 2.023366104E+00
1639.00000 2.021947744E+00
1640.00000 2.020528542E+00
1641.00000 2.019108501E+00
1642.00000 2.017687622E+00
1643.00000 2.016265907E+00
1644.00000 2.014843359E+00
1645.00000 2.013419978E+00
1646.00000 2.011995768E+00
1647.00000 2.010570729E+00
1648.00000 2.009144864E+00
1649.00000 2.007718174E+00
1650.00000 2.006290662E+00
1651.00000 2.004862330E+00
1652.00000 2.003433179E+00
1653.00000 2.002003212E+00
1654.00000 2.000572430E+00
1655.00000 1.999140835E+00
1656.00000 1.997708430E+00
1657.00000 1.996275216E+00
1658.00000 1.994841196E+00
1659.00000 1.993406371E+00
1660.00000 1.991970744E+00
1661.00000 1.990534317E+00
1662.00000 1.989097091E+00
1663.00000 1.987659069E+00
1664.00000 1.986220252E+00
1665.00000 1.984780644E+00
1666.00000 1.983340245E+00
1667.00000 1.981899059E+00
1668.00000 1.980457087E+00
1669.00000 1.979014331E+00
1670.00000 1.977570793E+00
1671.00000 1.976126477E+00
1672.00000 1.974681383E+00
1673.00000 1.973235514E+00
1674.00000 1.971788873E+00
1675.00000 1.970341461E+00
1676.00000 1.968893280E+00
1677.00000 1.967444334E+00
1678.00000 1.965994623E+00
1679.00000 1.964544151E+00
1680.00000 1.963092919E+00
1681.00000 1.961640931E+00
1682.00000 1.960188187E+00
1683.00000 1.958734691E+00
1684.00000 1.957280444E+00
1685.00000 1.955825450E+00
1686.00000 1.954369710E+00
1687.00000 1.952913226E+00
1688.00000 1.951456002E+00
1689.00000 1.949998039E+00
1690.00000 1.948539339E+00
1691.00000 1.947079906E+00
1692.00000 1.945619742E+00
1693.00000 1.944158848E+00
1694.00000 1.942697227E+00
1695.00000 1.941234883E+00
1696.00000 1.939771816E+00
1697.00000 1.938308030E+00
1698.00000 1.936843527E+00
1699.00000 1.935378310E+00
1700.00000 1.933912381E+00
1701.00000 1.932445742E+00
1702.00000 1.930978396E+00
1703.00000 1.929510346E+00
1704.00000 1.928041594E+00
1705.00000 1.926572143E+00
1706.00000 1.925101994E+00
1707.00000 1.923631152E+00
1708.00000 1.922159617E+00
1709.00000 1.920687394E+00
1710.00000 1.919214484E+00
1711.00000 1.917740890E+00
1712.00000 1.916266615E+00
1713.00000 1.914791662E+00
1714.00000 1.913316032E+00
1715.00000 1.911839729E+00
1716.00000 1.910362755E+00
1717.00000 1.908885113E+00
1718.00000 1.907406806E+00
1719.00000 1.905927836E+00
1720.00000 1.904448207E+00
1721.00000 1.902967920E+00
1722.00000 1.901486979E+00
1723.00000 1.900005387E+00
1724.00000 1.898523145E+00
1725.00000 1.897040257E+00
1726.00000 1.895556726E+00
1727.00000 1.894072555E+00
1728.00000 1.892587746E+00
1729.00000 1.891102302E+00
1730.00000 1.889616226E+00
1731.00000 1.888129521E+00
1732.00000 1.886642189E+00
1733.00000 1.885154234E+00
1734.00000 1.883665659E+00
1735.00000 1.882176466E+00
1736.00000 1.880686659E+00
1737.00000 1.879196239E+00
1738.00000 1.877705211E+00
1739.00000 1.876213577E+00
1740.00000 1.874721340E+00
1741.00000 1.873228503E+00
1742.00000 1.871735070E+00
1743.00000 1.870241042E+00
1744.00000 1.868746424E+00
1745.00000 1.867251217E+00
1746.00000 1.865755426E+00
1747.00000 1.864259053E+00
1748.00000 1.862762102E+00
1749.00000 1.861264575E+00
1750.00000 1.859766475E+00
1751.00000 1.858267806E+00
1752.00000 1.856768571E+00
1753.00000 1.855268773E+00
1754.00000 1.853768415E+00
1755.00000 1.852267500E+00
1756.00000 1.850766031E+00
1757.00000 1.849264012E+00
1758.00000 1.847761446E+00
1759.00000 1.846258336E+00
1760.00000 1.844754685E+00
1761.00000 1.843250497E+00
1762.00000 1.841745774E+00
1763.00000 1.840240521E+00
1764.00000 1.838734739E+00
1765.00000 1.837228434E+00
1766.00000 1.835721607E+00
1767.00000 1.834214262E+00
1768.00000 1.832706403E+00
1769.00000 1.831198033E+00
1770.00000 1.829689156E+00
1771.00000 1.828179774E+00
1772.00000 1.826669891E+00
1773.00000 1.825159511E+00
1774.00000 1.823648636E+00
1775.00000 1.822137271E+00
1776.00000 1.820625419E+00
1777.00000 1.819113083E+00
1778.00000 1.817600267E+00
1779.00000 1.816086974E+00
1780.00000 1.814573208E+00
1781.00000 1.813058973E+00
1782.00000 1.811544271E+00
1783.00000 1.810029106E+00
1784.00000 1.808513482E+00
1785.00000 1.806997403E+00
1786.00000 1.805480872E+00
1787.00000 1.803963893E+00
1788.00000 1.802446469E+00
1789.00000 1.800928604E+00
1790.00000 1.799410302E+00
1791.00000 1.797891566E+00
1792.00000 1.796372400E+00
1793.00000 1.794852808E+00
1794.00000 1.793332793E+00
1795.00000 1.791812359E+00
1796.00000 1.790291510E+00
1797.00000 1.788770249E+00
1798.00000 1.787248581E+00
1799.00000 1.785726509E+00
1800.00000 1.784204037E+00
1801.00000 1.782681169E+00
1802.00000 1.781157908E+00
1803.00000 1.779634259E+00
1804.00000 1.778110224E+00
1805.00000 1.776585810E+00
1806.00000 1.775061018E+00
1807.00000 1.773535853E+00
1808.00000 1.772010318E+00
1809.00000 1.770484419E+00
1810.00000 1.768958158E+00
1811.00000 1.767431540E+00
1812.00000 1.765904568E+00
1813.00000 1.764377248E+00
1814.00000 1.762849581E+00
1815.00000 1.761321574E+00
1816.00000 1.759793229E+00
1817.00000 1.758264550E+00
1818.00000 1.756735543E+00
1819.00000 1.755206210E+00
1820.00000 1.753676557E+00
1821.00000 1.752146586E+00
1822.00000 1.750616303E+00
1823.00000 1.749085711E+00
1824.00000 1.747554814E+00
1825.00000 1.746023617E+00
1826.00000 1.744492124E+00
1827.00000 1.742960339E+00
1828.00000 1.741428267E+00
1829.00000 1.739895911E+00
1830.00000 1.738363275E+00
1831.00000 1.736830365E+00
1832.00000 1.735297184E+00
1833.00000 1.733763736E+00
1834.00000 1.732230026E+00
1835.00000 1.730696059E+00
1836.00000 1.729161838E+00
1837.00000 1.727627368E+00
1838.00000 1.726092654E+00
1839.00000 1.724557699E+00
1840.00000 1.723022508E+00
1841.00000 1.721487085E+00
1842.00000 1.719951436E+00
1843.00000 1.718415564E+00
1844.00000 1.716879474E+00
1845.00000 1.715343170E+00
1846.00000 1.713806657E+00
1847.00000 1.712269940E+00
1848.00000 1.710733022E+00
1849.00000 1.709195909E+00
1850.00000 1.707658605E+00
1851.00000 1.706121115E+00
1852.00000 1.704583442E+00
1853.00000 1.703045593E+00
1854.00000 1.701507571E+00
1855.00000 1.699969381E+00
1856.00000 1.698431028E+00
1857.00000 1.696892516E+00
1858.00000 1.695353850E+00
1859.00000 1.693815035E+00
1860.00000 1.692276076E+00
1861.00000 1.690736977E+00
1862.00000 1.689197743E+00
1863.00000 1.687658379E+00
1864.00000 1.686118890E+00
1865.00000 1.684579280E+00
1866.00000 1.683039554E+00
1867.00000 1.681499717E+00
1868.00000 1.679959774E+00
1869.00000 1.678419731E+00
1870.00000 1.676879591E+00
1871.00000 1.675339359E+00
1872.00000 1.673799041E+00
1873.00000 1.672258642E+00
1874.00000 1.670718166E+00
1875.00000 1.669177618E+00
1876.00000 1.667637004E+00
1877.00000 1.666096328E+00
1878.00000 1.664555596E+00
1879.00000 1.663014812E+00
1880.00000 1.661473982E+00
1881.00000 1.659933111E+00
1882.00000 1.658392203E+00
1883.00000 1.656851264E+00
1884.00000 1.655310299E+00
1885.00000 1.653769313E+00
1886.00000 1.652228311E+00
1887.00000 1.650687299E+00
1888.00000 1.649146281E+00
1889.00000 1.647605264E+00
1890.00000 1.646064251E+00
1891.00000 1.644523248E+00
1892.00000 1.642982262E+00
1893.00000 1.641441296E+00
1894.00000 1.639900356E+00
1895.00000 1.638359447E+00
1896.00000 1.636818576E+00
1897.00000 1.635277746E+00
1898.00000 1.633736964E+00
1899.00000 1.632196235E+00
1900.00000 1.630655564E+00
1901.00000 1.629114957E+00
1902.00000 1.627574419E+00
1903.00000 1.626033956E+00
1904.00000 1.624493572E+00
1905.00000 1.622953274E+00
1906.00000 1.621413067E+00
1907.00000 1.619872957E+00
1908.00000 1.618332949E+00
1909.00000 1.616793048E+00
1910.00000 1.615253261E+00
1911.00000 1.613713592E+00
1912.00000 1.612174048E+00
1913.00000 1.610634634E+00
1914.00000 1.609095355E+00
1915.00000 1.607556218E+00
1916.00000 1.606017228E+00
1917.00000 1.604478390E+00
1918.00000 1.602939711E+00
1919.00000 1.601401196E+00
1920.00000 1.599862851E+00
1921.00000 1.598324682E+00
1922.00000 1.596786694E+00
1923.00000 1.595248893E+00
1924.00000 1.593711286E+00
1925.00000 1.592173877E+00
1926.00000 1.590636673E+00
1927.00000 1.589099679E+00
1928.00000 1.587562902E+00
1929.00000 1.586026348E+00
1930.00000 1.584490021E+00
1931.00000 1.582953929E+00
1932.00000 1.581418078E+00
1933.00000 1.579882472E+00
1934.00000 1.578347119E+00
1935.00000 1.576812023E+00
1936.00000 1.575277192E+00
1937.00000 1.573742632E+00
1938.00000 1.572208347E+00
1939.00000 1.570674345E+00
1940.00000 1.569140632E+00
1941.00000 1.567607213E+00
1942.00000 1.566074095E+00
1943.00000 1.564541284E+00
1944.00000 1.563008786E+00
1945.00000 1.561476608E+00
1946.00000 1.559944755E+00
1947.00000 1.558413233E+00
1948.00000 1.556882050E+00
1949.00000 1.555351211E+00
1950.00000 1.553820722E+00
1951.00000 1.552290590E+00
1952.00000 1.550760822E+00
1953.00000 1.549231422E+00
1954.00000 1.547702399E+00
1955.00000 1.546173758E+00
1956.00000 1.544645505E+00
1957.00000 1.543117648E+00
1958.00000 1.541590192E+00
1959.00000 1.540063143E+00
1960.00000 1.538536509E+00
1961.00000 1.537010296E+00
1962.00000 1.535484510E+00
1963.00000 1.533959158E+00
1964.00000 1.532434246E+00
1965.00000 1.530909782E+00
1966.00000 1.529385770E+00
1967.00000 1.527862219E+00
1968.00000 1.526339134E+00
1969.00000 1.524816523E+00
1970.00000 1.523294391E+00
1971.00000 1.521772746E+00
1972.00000 1.520251595E+00
1973.00000 1.518730943E+00
1974.00000 1.517210798E+00
1975.00000 1.515691166E+00
1976.00000 1.514172055E+00
1977.00000 1.512653470E+00
1978.00000 1.511135419E+00
1979.00000 1.509617909E+00
1980.00000 1.508100946E+00
1981.00000 1.506584537E+00
1982.00000 1.505068689E+00
1983.00000 1.503553409E+00
1984.00000 1.502038704E+00
1985.00000 1.500524581E+00
1986.00000 1.499011046E+00
1987.00000 1.497498107E+00
1988.00000 1.495985771E+00
1989.00000 1.494474044E+00
1990.00000 1.492962933E+00
1991.00000 1.491452446E+00
1992.00000 1.489942590E+00
1993.00000 1.488433372E+00
1994.00000 1.486924798E+00
1995.00000 1.485416876E+00
1996.00000 1.483909613E+00
1997.00000 1.482403016E+00
1998.00000 1.480897093E+00
1999.00000 1.479391850E+00
2000.00000 1.477887294E+00
2001.00000 1.476383434E+00
2002.00000 1.474880275E+00
2003.00000 1.473377826E+00
2004.00000 1.471876093E+00
2005.00000 1.470375084E+00
2006.00000 1.468874806E+00
2007.00000 1.467375266E+00
2008.00000 1.465876473E+00
2009.00000 1.464378432E+00
2010.00000 1.462881152E+00
2011.00000 1.461384640E+00
2012.00000 1.459888903E+00
2013.00000 1.458393948E+00
2014.00000 1.456899784E+00
2015.00000 1.455406417E+00
2016.00000 1.453913856E+00
2017.00000 1.452422107E+00
2018.00000 1.450931178E+00
2019.00000 1.449441077E+00
2020.00000 1.447951810E+00
2021.00000 1.446463387E+00
2022.00000 1.444975814E+00
2023.00000 1.443489099E+00
2024.00000 1.442003249E+00
2025.00000 1.440518272E+00
2026.00000 1.439034176E+00
2027.00000 1.437550969E+00
2028.00000 1.436068658E+00
2029.00000 1.434587251E+00
2030.00000 1.433106755E+00
2031.00000 1.431627179E+00
2032.00000 1.430148530E+00
2033.00000 1.428670816E+00
2034.00000 1.427194044E+00
2035.00000 1.425718223E+00
2036.00000 1.424243361E+00
2037.00000 1.422769464E+00
2038.00000 1.421296542E+00
2039.00000 1.419824602E+00
2040.00000 1.418353651E+00
2041.00000 1.416883699E+00
2042.00000 1.415414752E+00
2043.00000 1.413946819E+00
2044.00000 1.412479907E+00
2045.00000 1.411014025E+00
2046.00000 1.409549181E+00
2047.00000 1.408085383E+00
2048.00000 1.406622638E+00
2049.00000 1.405160955E+00
2050.00000 1.403700343E+00
2051.00000 1.402240808E+00
2052.00000 1.400782359E+00
2053.00000 1.399325005E+00
2054.00000 1.397868753E+00
2055.00000 1.396413611E+00
2056.00000 1.394959589E+00
2057.00000 1.393506693E+00
2058.00000 1.392054932E+00
2059.00000 1.390604315E+00
2060.00000 1.389154850E+00
2061.00000 1.387706545E+00
2062.00000 1.386259408E+00
2063.00000 1.384813447E+00
2064.00000 1.383368672E+00
2065.00000 1.381925090E+00
2066.00000 1.380482709E+00
2067.00000 1.379041538E+00
2068.00000 1.377601586E+00
2069.00000 1.376162860E+00
2070.00000 1.374725370E+00
2071.00000 1.373289124E+00
2072.00000 1.371854129E+00
2073.00000 1.370420395E+00
2074.00000 1.368987930E+00
2075.00000 1.367556743E+00
2076.00000 1.366126842E+00
2077.00000 1.364698236E+00
2078.00000 1.363270933E+00
2079.00000 1.361844942E+00
2080.00000 1.360420271E+00
2081.00000 1.358996930E+00
2082.00000 1.357574926E+00
2083.00000 1.356154268E+00
2084.00000 1.354734965E+00
2085.00000 1.353317027E+00
2086.00000 1.351900460E+00
2087.00000 1.350485275E+00
2088.00000 1.349071479E+00
2089.00000 1.347659082E+00
2090.00000 1.346248092E+00
2091.00000 1.344838519E+00
2092.00000 1.343430370E+00
2093.00000 1.342023655E+00
2094.00000 1.340618383E+00
2095.00000 1.339214562E+00
2096.00000 1.337812201E+00
2097.00000 1.336411310E+00
2098.00000 1.335011896E+00
2099.00000 1.333613969E+00
2100.00000 1.332217539E+00
2101.00000 1.330822613E+00
2102.00000 1.329429201E+00
2103.00000 1.328037311E+00
2104.00000 1.326646954E+00
2105.00000 1.325258137E+00
2106.00000 1.323870869E+00
2107.00000 1.322485161E+00
2108.00000 1.321101020E+00
2109.00000 1.319718457E+00
2110.00000 1.318337479E+00
2111.00000 1.316958096E+00
2112.00000 1.315580318E+00
2113.00000 1.314204153E+00
2114.00000 1.312829610E+00
2115.00000 1.311456699E+00
2116.00000 1.310085429E+00
2117.00000 1.308715809E+00
2118.00000 1.307347848E+00
2119.00000 1.305981555E+00
2120.00000 1.304616940E+00
2121.00000 1.303254012E+00
2122.00000 1.301892780E+00
2123.00000 1.300533254E+00
2124.00000 1.299175442E+00
2125.00000 1.297819354E+00
2126.00000 1.296465000E+00
2127.00000 1.295112388E+00
2128.00000 1.293761529E+00
2129.00000 1.292412431E+00
2130.00000 1.291065103E+00
2131.00000 1.289719556E+00
2132.00000 1.288375799E+00
2133.00000 1.287033840E+00
2134.00000 1.285693691E+00
2135.00000 1.284355359E+00
2136.00000 1.283018854E+00
2137.00000 1.281684186E+00
2138.00000 1.280351365E+00
2139.00000 1.279020400E+00
2140.00000 1.277691300E+00
2141.00000 1.276364075E+00
2142.00000 1.275038734E+00
2143.00000 1.273715288E+00
2144.00000 1.272393745E+00
2145.00000 1.271074115E+00
2146.00000 1.269756409E+00
2147.00000 1.268440634E+00
2148.00000 1.267126802E+00
2149.00000 1.265814922E+00
2150.00000 1.264505003E+00
2151.00000 1.263197055E+00
2152.00000 1.261891088E+00
2153.00000 1.260587111E+00
2154.00000 1.259285134E+00
2155.00000 1.257985168E+00
2156.00000 1.256687221E+00
2157.00000 1.255391303E+00
2158.00000 1.254097424E+00
2159.00000 1.252805595E+00
2160.00000 1.251515824E+00
2161.00000 1.250228122E+00
2162.00000 1.248942497E+00
2163.00000 1.247658961E+00
2164.00000 1.246377523E+00
2165.00000 1.245098193E+00
2166.00000 1.243820981E+00
2167.00000 1.242545896E+00
2168.00000 1.241272948E+00
2169.00000 1.240002148E+00
2170.00000 1.238733505E+00
2171.00000 1.237467029E+00
2172.00000 1.236202731E+00
2173.00000 1.234940619E+00
2174.00000 1.233680704E+00
2175.00000 1.232422996E+00
2176.00000 1.231167506E+00
2177.00000 1.229914242E+00
2178.00000 1.228663215E+00
2179.00000 1.227414435E+00
2180.00000 1.226167911E+00
2181.00000 1.224923655E+00
2182.00000 1.223681676E+00
2183.00000 1.222441984E+00
2184.00000 1.221204589E+00
2185.00000 1.219969501E+00
2186.00000 1.218736731E+00
2187.00000 1.217506288E+00
2188.00000 1.216278182E+00
2189.00000 1.215052424E+00
2190.00000 1.213829024E+00
2191.00000 1.212607992E+00
2192.00000 1.211389337E+00
2193.00000 1.210173071E+00
2194.00000 1.208959203E+00
2195.00000 1.207747744E+00
2196.00000 1.206538703E+00
2197.00000 1.205332091E+00
2198.00000 1.204127919E+00
2199.00000 1.202926195E+00
2200.00000 1.201726931E+00
2201.00000 1.200530137E+00
2202.00000 1.199335823E+00
2203.00000 1.198143999E+00
2204.00000 1.196954676E+00
2205.00000 1.195767863E+00
2206.00000 1.194583571E+00
2207.00000 1.193401811E+00
2208.00000 1.192222592E+00
2209.00000 1.191045925E+00
2210.00000 1.189871820E+00
2211.00000 1.188700288E+00
2212.00000 1.187531338E+00
2213.00000 1.186364982E+00
2214.00000 1.185201229E+00
2215.00000 1.184040090E+00
2216.00000 1.182881576E+00
2217.00000 1.181725696E+00
2218.00000 1.180572460E+00
2219.00000 1.179421880E+00
2220.00000 1.178273966E+00
2221.00000 1.177128728E+00
2222.00000 1.175986176E+00
2223.00000 1.174846321E+00
2224.00000 1.173709174E+00
2225.00000 1.172574744E+00
2226.00000 1.171443042E+00
2227.00000 1.170314079E+00
2228.00000 1.169187864E+00
2229.00000 1.168064409E+00
2230.00000 1.166943724E+00
2231.00000 1.165825819E+00
2232.00000 1.164710706E+00
2233.00000 1.163598393E+00
2234.00000 1.162488892E+00
2235.00000 1.161382213E+00
2236.00000 1.160278367E+00
2237.00000 1.159177363E+00
2238.00000 1.158079214E+00
2239.00000 1.156983929E+00
2240.00000 1.155891518E+00
2241.00000 1.154801992E+00
2242.00000 1.153715362E+00
2243.00000 1.152631638E+00
2244.00000 1.151550831E+00
2245.00000 1.150472951E+00
2246.00000 1.149398009E+00
2247.00000 1.148326015E+00
2248.00000 1.147256980E+00
2249.00000 1.146190914E+00
2250.00000 1.145127828E+00
2251.00000 1.144067732E+00
2252.00000 1.143010637E+00
2253.00000 1.141956554E+00
2254.00000 1.140905493E+00
2255.00000 1.139857464E+00
2256.00000 1.138812478E+00
2257.00000 1.137770547E+00
2258.00000 1.136731679E+00
2259.00000 1.135695887E+00
2260.00000 1.134663180E+00
2261.00000 1.133633568E+00
2262.00000 1.132607064E+00
2263.00000 1.131583676E+00
2264.00000 1.130563417E+00
2265.00000 1.129546295E+00
2266.00000 1.128532323E+00
2267.00000 1.127521510E+00
2268.00000 1.126513867E+00
2269.00000 1.125509404E+00
2270.00000 1.124508133E+00
2271.00000 1.123510064E+00
2272.00000 1.122515207E+00
2273.00000 1.121523573E+00
2274.00000 1.120535173E+00
2275.00000 1.119550017E+00
2276.00000 1.118568115E+00
2277.00000 1.117589479E+00
2278.00000 1.116614119E+00
2279.00000 1.115642045E+00
2280.00000 1.114673269E+00
2281.00000 1.113707800E+00
2282.00000 1.112745649E+00
2283.00000 1.111786828E+00
2284.00000 1.110831346E+00
2285.00000 1.109879213E+00
2286.00000 1.108930442E+00
2287.00000 1.107985041E+00
2288.00000 1.107043023E+00
2289.00000 1.106104397E+00
2290.00000 1.105169173E+00
2291.00000 1.104237364E+00
2292.00000 1.103308978E+00
2293.00000 1.102384027E+00
2294.00000 1.101462521E+00
2295.00000 1.100544471E+00
2296.00000 1.099629887E+00
2297.00000 1.098718780E+00
2298.00000 1.097811161E+00
2299.00000 1.096907040E+00
2300.00000 1.096006427E+00
2301.00000 1.095109333E+00
2302.00000 1.094215769E+00
2303.00000 1.093325746E+00
2304.00000 1.092439273E+00
2305.00000 1.091556361E+00
2306.00000 1.090677021E+00
2307.00000 1.089801263E+00
2308.00000 1.088929098E+00
2309.00000 1.088060537E+00
2310.00000 1.087195589E+00
2311.00000 1.086334266E+00
2312.00000 1.085476577E+00
2313.00000 1.084622534E+00
2314.00000 1.083772147E+00
2315.00000 1.082925426E+00
2316.00000 1.082082382E+00
2317.00000 1.081243025E+00
2318.00000 1.080407366E+00
2319.00000 1.079575415E+00
2320.00000 1.078747183E+00
2321.00000 1.077922680E+00
2322.00000 1.077101916E+00
2323.00000 1.076284902E+00
2324.00000 1.075471649E+00
2325.00000 1.074662167E+00
2326.00000 1.073856465E+00
2327.00000 1.073054556E+00
2328.00000 1.072256448E+00
2329.00000 1.071462153E+00
2330.00000 1.070671680E+00
2331.00000 1.069885041E+00
2332.00000 1.069102245E+00
2333.00000 1.068323303E+00
2334.00000 1.067548225E+00
2335.00000 1.066777022E+00
2336.00000 1.066009704E+00
2337.00000 1.065246280E+00
2338.00000 1.064486763E+00
2339.00000 1.063731161E+00
2340.00000 1.062979485E+00
2341.00000 1.062231746E+00
2342.00000 1.061487953E+00
2343.00000 1.060748117E+00
2344.00000 1.060012248E+00
2345.00000 1.059280357E+00
2346.00000 1.058552453E+00
2347.00000 1.057828548E+00
2348.00000 1.057108650E+00
2349.00000 1.056392770E+00
2350.00000 1.055680919E+00
2351.00000 1.054973106E+00
2352.00000 1.054269343E+00
2353.00000 1.053569638E+00
2354.00000 1.052874002E+00
2355.00000 1.052182445E+00
2356.00000 1.051494978E+00
2357.00000 1.050811610E+00
2358.00000 1.050132351E+00
2359.00000 1.049457212E+00
2360.00000 1.048786203E+00
2361.00000 1.048119333E+00
2362.00000 1.047456613E+00
2363.00000 1.046798053E+00
2364.00000 1.046143662E+00
2365.00000 1.045493451E+00
2366.00000 1.044847430E+00
2367.00000 1.044205608E+00
2368.00000 1.043567996E+00
2369.00000 1.042934604E+00
2370.00000 1.042305441E+00
2371.00000 1.041680517E+00
2372.00000 1.041059842E+00
2373.00000 1.040443427E+00
2374.00000 1.039831281E+00
2375.00000 1.039223413E+00
2376.00000 1.038619835E+00
2377.00000 1.038020554E+00
2378.00000 1.037425582E+00
2379.00000 1.036834928E+00
2380.00000 1.036248602E+00
2381.00000 1.035666613E+00
2382.00000 1.035088972E+00
2383.00000 1.034515687E+00
2384.00000 1.033946770E+00
2385.00000 1.033382228E+00
2386.00000 1.032822073E+00
2387.00000 1.032266313E+00
2388.00000 1.031714959E+00
2389.00000 1.031168019E+00
2390.00000 1.030625504E+00
2391.00000 1.030087423E+00
2392.00000 1.029553786E+00
2393.00000 1.029024602E+00
2394.00000 1.028499880E+00
2395.00000 1.027979631E+00
2396.00000 1.027463863E+00
2397.00000 1.026952586E+00
2398.00000 1.026445810E+00
2399.00000 1.025943543E+00
2400.00000 1.025445796E+00
2401.00000 1.024952578E+00
2402.00000 1.024463897E+00
2403.00000 1.023979764E+00
2404.00000 1.023500188E+00
2405.00000 1.023025177E+00
2406.00000 1.022554742E+00
2407.00000 1.022088891E+00
2408.00000 1.021627634E+00
2409.00000 1.021170980E+00
2410.00000 1.020718938E+00
2411.00000 1.020271517E+00
2412.00000 1.019828726E+00
2413.00000 1.019390575E+00
2414.00000 1.018957072E+00
2415.00000 1.018528227E+00
2416.00000 1.018104049E+00
2417.00000 1.017684546E+00
2418.00000 1.017269729E+00
2419.00000 1.016859604E+00
2420.00000 1.016454183E+00
2421.00000 1.016053473E+00
2422.00000 1.015657483E+00
2423.00000 1.015266223E+00
2424.00000 1.014879701E+00
2425.00000 1.014497925E+00
2426.00000 1.014120906E+00
2427.00000 1.013748651E+00
2428.00000 1.013381170E+00
2429.00000 1.013018471E+00
2430.00000 1.012660562E+00
2431.00000 1.012307453E+00
2432.00000 1.011959152E+00
2433.00000 1.011615667E+00
2434.00000 1.011277008E+00
2435.00000 1.010943183E+00
2436.00000 1.010614200E+00
2437.00000 1.010290068E+00
2438.00000 1.009970796E+00
2439.00000 1.009656391E+00
2440.00000 1.009346863E+00
2441.00000 1.009042220E+00
2442.00000 1.008742469E+00
2443.00000 1.008447620E+00
2444.00000 1.008157681E+00
2445.00000 1.007872660E+00
2446.00000 1.007592565E+00
2447.00000 1.007317405E+00
2448.00000 1.007047187E+00
2449.00000 1.006781921E+00
2450.00000 1.006521613E+00
2451.00000 1.006266273E+00
2452.00000 1.006015908E+00
2453.00000 1.005770526E+00
2454.00000 1.005530136E+00
2455.00000 1.005294745E+00
2456.00000 1.005064362E+00
2457.00000 1.004838994E+00
2458.00000 1.004618649E+00
2459.00000 1.004403335E+00
2460.00000 1.004193060E+00
2461.00000 1.003987832E+00
2462.00000 1.003787658E+00
2463.00000 1.003592546E+00
2464.00000 1.003402505E+00
2465.00000 1.003217541E+00
2466.00000 1.003037663E+00
2467.00000 1.002862877E+00
2468.00000 1.002693192E+00
2469.00000 1.002528615E+00
2470.00000 1.002369154E+00
2471.00000 1.002214816E+00
2472.00000 1.002065608E+00
2473.00000 1.001921539E+00
2474.00000 1.001782615E+00
2475.00000 1.001648843E+00
2476.00000 1.001520232E+00
2477.00000 1.001396788E+00
2478.00000 1.001278518E+00
2479.00000 1.001165431E+00
2480.00000 1.001057532E+00
2481.00000 1.000954830E+00
2482.00000 1.000857330E+00
2483.00000 1.000765041E+00
2484.00000 1.000677970E+00
2485.00000 1.000596123E+00
2486.00000 1.000519507E+00
2487.00000 1.000448130E+00
2488.00000 1.000381998E+00
2489.00000 1.000321118E+00
2490.00000 1.000265496E+00
2491.00000 1.000215141E+00
2492.00000 1.000170058E+00
2493.00000 1.000130254E+00
2494.00000 1.000095736E+00
2495.00000 1.000066510E+00
2496.00000 1.000042584E+00
2497.00000 1.000023963E+00
2498.00000 1.000010655E+00
2499.00000 1.000002665E+00
2500.00000 1.000000000E+00
2501.00000 1.000002667E+00
2502.00000 1.000010672E+00
2503.00000 1.000024021E+00
2504.00000 1.000042720E+00
2505.00000 1.000066777E+00
2506.00000 1.000096197E+00
2507.00000 1.000130985E+00
2508.00000 1.000171150E+00
2509.00000 1.000216695E+00
2510.00000 1.000267629E+00
2511.00000 1.000323956E+00
2512.00000 1.000385682E+00
2513.00000 1.000452814E+00
2514.00000 1.000525358E+00
2515.00000 1.000603318E+00
2516.00000 1.000686702E+00
2517.00000 1.000775515E+00
2518.00000 1.000869763E+00
2519.00000 1.000969450E+00
2520.00000 1.001074584E+00
2521.00000 1.001185170E+00
2522.00000 1.001301212E+00
2523.00000 1.001422718E+00
2524.00000 1.001549692E+00
2525.00000 1.001682139E+00
2526.00000 1.001820065E+00
2527.00000 1.001963476E+00
2528.00000 1.002112377E+00
2529.00000 1.002266773E+00
2530.00000 1.002426669E+00
2531.00000 1.002592070E+00
2532.00000 1.002762983E+00
2533.00000 1.002939411E+00
2534.00000 1.003121360E+00
2535.00000 1.003308834E+00
2536.00000 1.003501840E+00
2537.00000 1.003700381E+00
2538.00000 1.003904463E+00
2539.00000 1.004114091E+00
2540.00000 1.004329269E+00
2541.00000 1.004550002E+00
2542.00000 1.004776295E+00
2543.00000 1.005008152E+00
2544.00000 1.005245578E+00
2545.00000 1.005488578E+00
2546.00000 1.005737156E+00
2547.00000 1.005991317E+00
2548.00000 1.006251065E+00
2549.00000 1.006516405E+00
2550.00000 1.006787340E+00
2551.00000 1.007063876E+00
2552.00000 1.007346016E+00
2553.00000 1.007633765E+00
2554.00000 1.007927127E+00
2555.00000 1.008226106E+00
2556.00000 1.008530705E+00
2557.00000 1.008840930E+00
2558.00000 1.009156784E+00
2559.00000 1.009478271E+00
2560.00000 1.009805395E+00
2561.00000 1.010138160E+00
2562.00000 1.010476569E+00
2563.00000 1.010820626E+00
2564.00000 1.011170336E+00
2565.00000 1.011525701E+00
2566.00000 1.011886725E+00
2567.00000 1.012253413E+00
2568.00000 1.012625766E+00
2569.00000 1.013003790E+00
2570.00000 1.013387486E+00
2571.00000 1.013776859E+00
2572.00000 1.014171912E+00
2573.00000 1.014572649E+00
2574.00000 1.014979071E+00
2575.00000 1.015391183E+00
2576.00000 1.015808988E+00
2577.00000 1.016232489E+00
2578.00000 1.016661689E+00
2579.00000 1.017096590E+00
2580.00000 1.017537196E+00
2581.00000 1.017983509E+00
2582.00000 1.018435533E+00
2583.00000 1.018893271E+00
2584.00000 1.019356724E+00
2585.00000 1.019825895E+00
2586.00000 1.020300788E+00
2587.00000 1.020781405E+00
2588.00000 1.021267748E+00
2589.00000 1.021759821E+00
2590.00000 1.022257624E+00
2591.00000 1.022761161E+00
2592.00000 1.023270434E+00
2593.00000 1.023785445E+00
2594.00000 1.024306197E+00
2595.00000 1.024832691E+00
2596.00000 1.025364930E+00
2597.00000 1.025902916E+00
2598.00000 1.026446651E+00
2599.00000 1.026996137E+00
2600.00000 1.027551376E+00
2601.00000 1.028112369E+00
2602.00000 1.028679119E+00
2603.00000 1.029251627E+00
2604.00000 1.029829896E+00
2605.00000 1.030413925E+00
2606.00000 1.031003718E+00
2607.00000 1.031599276E+00
2608.00000 1.032200601E+00
2609.00000 1.032807693E+00
2610.00000 1.033420554E+00
2611.00000 1.034039186E+00
2612.00000 1.034663590E+00
2613.00000 1.035293767E+00
2614.00000 1.035929718E+00
2615.00000 1.036571445E+00
2616.00000 1.037218949E+00
2617.00000 1.037872230E+00
2618.00000 1.038531289E+00
2619.00000 1.039196129E+00
2620.00000 1.039866748E+00
2621.00000 1.040543149E+00
2622.00000 1.041225332E+00
2623.00000 1.041913298E+00
2624.00000 1.042607047E+00
2625.00000 1.043306580E+00
2626.00000 1.044011898E+00
2627.00000 1.044723002E+00
2628.00000 1.045439890E+00
2629.00000 1.046162565E+00
2630.00000 1.046891026E+00
2631.00000 1.047625274E+00
2632.00000 1.048365309E+00
2633.00000 1.049111131E+00
2634.00000 1.049862740E+00
2635.00000 1.050620137E+00
2636.00000 1.051383321E+00
2637.00000 1.052152292E+00
2638.00000 1.052927051E+00
2639.00000 1.053707597E+00
2640.00000 1.054493930E+00
2641.00000 1.055286050E+00
2642.00000 1.056083956E+00
2643.00000 1.056887648E+00
2644.00000 1.057697126E+00
2645.00000 1.058512390E+00
2646.00000 1.059333438E+00
2647.00000 1.060160270E+00
2648.00000 1.060992886E+00
2649.00000 1.061831285E+00
2650.00000 1.062675467E+00
2651.00000 1.063525430E+00
2652.00000 1.064381173E+00
2653.00000 1.065242696E+00
2654.00000 1.066109998E+00
2655.00000 1.066983078E+00
2656.00000 1.067861935E+00
2657.00000 1.068746567E+00
2658.00000 1.069636974E+00
2659.00000 1.070533155E+00
2660.00000 1.071435107E+00
2661.00000 1.072342830E+00
2662.00000 1.073256323E+00
2663.00000 1.074175583E+00
2664.00000 1.075100610E+00
2665.00000 1.076031403E+00
2666.00000 1.076967958E+00
2667.00000 1.077910275E+00
2668.00000 1.078858352E+00
2669.00000 1.079812188E+00
2670.00000 1.080771780E+00
2671.00000 1.081737126E+00
2672.00000 1.082708226E+00
2673.00000 1.083685076E+00
2674.00000 1.084667675E+00
2675.00000 1.085656020E+00
2676.00000 1.086650110E+00
2677.00000 1.087649943E+00
2678.00000 1.088655515E+00
2679.00000 1.089666825E+00
2680.00000 1.090683871E+00
2681.00000 1.091706650E+00
2682.00000 1.092735159E+00
2683.00000 1.093769396E+00
2684.00000 1.094809359E+00
2685.00000 1.095855045E+00
2686.00000 1.096906451E+00
2687.00000 1.097963574E+00
2688.00000 1.099026413E+00
2689.00000 1.100094963E+00
2690.00000 1.101169222E+00
2691.00000 1.102249187E+00
2692.00000 1.103334855E+00
2693.00000 1.104426223E+00
2694.00000 1.105523288E+00
2695.00000 1.106626046E+00
2696.00000 1.107734496E+00
2697.00000 1.108848632E+00
2698.00000 1.109968452E+00
2699.00000 1.111093953E+00
2700.00000 1.112225130E+00
2701.00000 1.113361982E+00
2702.00000 1.114504503E+00
2703.00000 1.115652691E+00
2704.00000 1.116806542E+00
2705.00000 1.117966051E+00
2706.00000 1.119131216E+00
2707.00000 1.120302033E+00
2708.00000 1.121478497E+00
2709.00000 1.122660605E+00
2710.00000 1.123848353E+00
2711.00000 1.125041736E+00
2712.00000 1.126240751E+00
2713.00000 1.127445394E+00
2714.00000 1.128655660E+00
2715.00000 1.129871545E+00
2716.00000 1.131093045E+00
2717.00000 1.132320155E+00
2718.00000 1.133552871E+00
2719.00000 1.134791190E+00
2720.00000 1.136035105E+00
2721.00000 1.137284612E+00
2722.00000 1.138539708E+00
2723.00000 1.139800387E+00
2724.00000 1.141066644E+00
2725.00000 1.142338476E+00
2726.00000 1.143615876E+00
2727.00000 1.144898840E+00
2728.00000 1.146187364E+00
2729.00000 1.147481441E+00
2730.00000 1.148781068E+00
2731.00000 1.150086239E+00
2732.00000 1.151396949E+00
2733.00000 1.152713192E+00
2734.00000 1.154034964E+00
2735.00000 1.155362259E+00
2736.00000 1.156695072E+00
2737.00000 1.158033398E+00
2738.00000 1.159377230E+00
2739.00000 1.160726564E+00
2740.00000 1.162081394E+00
2741.00000 1.163441714E+00
2742.00000 1.164807519E+00
2743.00000 1.166178803E+00
2744.00000 1.167555560E+00
2745.00000 1.168937785E+00
2746.00000 1.170325471E+00
2747.00000 1.171718613E+00
2748.00000 1.173117204E+00
2749.00000 1.174521239E+00
2750.00000 1.175930712E+00
2751.00000 1.177345616E+00
2752.00000 1.178765945E+00
2753.00000 1.180191694E+00
2754.00000 1.181622855E+00
2755.00000 1.183059423E+00
2756.00000 1.184501391E+00
2757.00000 1.185948752E+00
2758.00000 1.187401501E+00
2759.00000 1.188859631E+00
2760.00000 1.190323134E+00
2761.00000 1.191792006E+00
2762.00000 1.193266238E+00
2763.00000 1.194745824E+00
2764.00000 1.196230757E+00
2765.00000 1.197721032E+00
2766.00000 1.199216639E+00
2767.00000 1.200717574E+00
2768.00000 1.202223829E+00
2769.00000 1.203735396E+00
2770.00000 1.205252269E+00
2771.00000 1.206774440E+00
2772.00000 1.208301904E+00
2773.00000 1.209834651E+00
2774.00000 1.211372675E+00
2775.00000 1.212915969E+00
2776.00000 1.214464526E+00
2777.00000 1.216018337E+00
2778.00000 1.217577396E+00
2779.00000 1.219141695E+00
2780.00000 1.220711227E+00
2781.00000 1.222285983E+00
2782.00000 1.223865957E+00
2783.00000 1.225451140E+00
2784.00000 1.227041525E+00
2785.00000 1.228637104E+00
2786.00000 1.230237869E+00
2787.00000 1.231843813E+00
2788.00000 1.233454927E+00
2789.00000 1.235071204E+00
2790.00000 1.236692635E+00
2791.00000 1.238319212E+00
2792.00000 1.239950928E+00
2793.00000 1.241587774E+00
2794.00000 1.243229742E+00
2795.00000 1.244876824E+00
2796.00000 1.246529011E+00
2797.00000 1.248186296E+00
2798.00000 1.249848669E+00
2799.00000 1.251516122E+00
2800.00000 1.253188648E+00
2801.00000 1.254866236E+00
2802.00000 1.256548880E+00
2803.00000 1.258236570E+00
2804.00000 1.259929297E+00
2805.00000 1.261627053E+00
2806.00000 1.263329830E+00
2807.00000 1.265037618E+00
2808.00000 1.266750408E+00
2809.00000 1.268468193E+00
2810.00000 1.270190962E+00
2811.00000 1.271918706E+00
2812.00000 1.273651418E+00
2813.00000 1.275389088E+00
2814.00000 1.277131706E+00
2815.00000 1.278879265E+00
2816.00000 1.280631753E+00
2817.00000 1.282389163E+00
2818.00000 1.284151485E+00
2819.00000 1.285918710E+00
2820.00000 1.287690829E+00
2821.00000 1.289467831E+00
2822.00000 1.291249708E+00
2823.00000 1.293036451E+00
2824.00000 1.294828049E+00
2825.00000 1.296624493E+00
2826.00000 1.298425774E+00
2827.00000 1.300231882E+00
2828.00000 1.302042808E+00
2829.00000 1.303858541E+00
2830.00000 1.305679072E+00
2831.00000 1.307504392E+00
2832.00000 1.309334490E+00
2833.00000 1.311169356E+00
2834.00000 1.313008981E+00
2835.00000 1.314853355E+00
2836.00000 1.316702467E+00
2837.00000 1.318556308E+00
2838.00000 1.320414868E+00
2839.00000 1.322278137E+00
2840.00000 1.324146104E+00
2841.00000 1.326018760E+00
2842.00000 1.327896093E+00
2843.00000 1.329778095E+00
2844.00000 1.331664754E+00
2845.00000 1.333556061E+00
2846.00000 1.335452004E+00
2847.00000 1.337352574E+00
2848.00000 1.339257761E+00
2849.00000 1.341167553E+00
2850.00000 1.343081940E+00
2851.00000 1.345000912E+00
2852.00000 1.346924459E+00
2853.00000 1.348852569E+00
2854.00000 1.350785231E+00
2855.00000 1.352722436E+00
2856.00000 1.354664173E+00
2857.00000 1.356610431E+00
2858.00000 1.358561198E+00
2859.00000 1.360516465E+00
2860.00000 1.362476220E+00
2861.00000 1.364440453E+00
2862.00000 1.366409152E+00
2863.00000 1.368382307E+00
2864.00000 1.370359907E+00
2865.00000 1.372341940E+00
2866.00000 1.374328396E+00
2867.00000 1.376319264E+00
2868.00000 1.378314532E+00
2869.00000 1.380314189E+00
2870.00000 1.382318224E+00
2871.00000 1.384326627E+00
2872.00000 1.386339385E+00
2873.00000 1.388356487E+00
2874.00000 1.390377923E+00
2875.00000 1.392403680E+00
2876.00000 1.394433748E+00
2877.00000 1.396468115E+00
2878.00000 1.398506770E+00
2879.00000 1.400549700E+00
2880.00000 1.402596895E+00
2881.00000 1.404648344E+00
2882.00000 1.406704034E+00
2883.00000 1.408763954E+00
2884.00000 1.410828092E+00
2885.00000 1.412896437E+00
2886.00000 1.414968978E+00
2887.00000 1.417045702E+00
2888.00000 1.419126597E+00
2889.00000 1.421211652E+00
2890.00000 1.423300856E+00
2891.00000 1.425394196E+00
2892.00000 1.427491660E+00
2893.00000 1.429593237E+00
2894.00000 1.431698915E+00
2895.00000 1.433808682E+00
2896.00000 1.435922526E+00
2897.00000 1.438040435E+00
2898.00000 1.440162396E+00
2899.00000 1.442288399E+00
2900.00000 1.444418430E+00
2901.00000 1.446552478E+00
2902.00000 1.448690531E+00
2903.00000 1.450832577E+00
2904.00000 1.452978603E+00
2905.00000 1.455128597E+00
2906.00000 1.457282547E+00
2907.00000 1.459440441E+00
2908.00000 1.461602267E+00
2909.00000 1.463768012E+00
2910.00000 1.465937664E+00
2911.00000 1.468111211E+00
2912.00000 1.470288640E+00
2913.00000 1.472469939E+00
2914.00000 1.474655096E+00
2915.00000 1.476844098E+00
2916.00000 1.479036932E+00
2917.00000 1.481233587E+00
2918.00000 1.483434049E+00
2919.00000 1.485638307E+00
2920.00000 1.487846348E+00
2921.00000 1.490058159E+00
2922.00000 1.492273727E+00
2923.00000 1.494493041E+00
2924.00000 1.496716087E+00
2925.00000 1.498942853E+00
2926.00000 1.501173326E+00
2927.00000 1.503407493E+00
2928.00000 1.505645343E+00
2929.00000 1.507886861E+00
2930.00000 1.510132036E+00
2931.00000 1.512380854E+00
2932.00000 1.514633304E+00
2933.00000 1.516889371E+00
2934.00000 1.519149043E+00
2935.00000 1.521412308E+00
2936.00000 1.523679153E+00
2937.00000 1.525949564E+00
2938.00000 1.528223529E+00
2939.00000 1.530501035E+00
2940.00000 1.532782069E+00
2941.00000 1.535066618E+00
2942.00000 1.537354669E+00
2943.00000 1.539646210E+00
2944.00000 1.541941226E+00
2945.00000 1.544239706E+00
2946.00000 1.546541636E+00
2947.00000 1.548847003E+00
2948.00000 1.551155794E+00
2949.00000 1.553467996E+00
2950.00000 1.555783596E+00
2951.00000 1.558102581E+00
2952.00000 1.560424938E+00
2953.00000 1.562750653E+00
2954.00000 1.565079714E+00
2955.00000 1.567412107E+00
2956.00000 1.569747820E+00
2957.00000 1.572086838E+00
2958.00000 1.574429149E+00
2959.00000 1.576774740E+00
2960.00000 1.579123598E+00
2961.00000 1.581475708E+00
2962.00000 1.583831058E+00
2963.00000 1.586189635E+00
2964.00000 1.588551426E+00
2965.00000 1.590916416E+00
2966.00000 1.593284593E+00
2967.00000 1.595655944E+00
2968.00000 1.598030455E+00
2969.00000 1.600408113E+00
2970.00000 1.602788905E+00
2971.00000 1.605172816E+00
2972.00000 1.607559835E+00
2973.00000 1.609949947E+00
2974.00000 1.612343139E+00
2975.00000 1.614739398E+00
2976.00000 1.617138710E+00
2977.00000 1.619541062E+00
2978.00000 1.621946440E+00
2979.00000 1.624354832E+00
2980.00000 1.626766223E+00
2981.00000 1.629180600E+00
2982.00000 1.631597951E+00
2983.00000 1.634018260E+00
2984.00000 1.636441515E+00
2985.00000 1.638867703E+00
2986.00000 1.641296809E+00
2987.00000 1.643728821E+00
2988.00000 1.646163725E+00
2989.00000 1.648601507E+00
2990.00000 1.651042154E+00
2991.00000 1.653485653E+00
2992.00000 1.655931989E+00
2993.00000 1.658381150E+00
2994.00000 1.660833121E+00
2995.00000 1.663287890E+00
2996.00000 1.665745442E+00
2997.00000 1.668205764E+00
2998.00000 1.670668843E+00
2999.00000 1.673134666E+00
3000.00000 1.675603217E+00
3001.00000 1.678074485E+00
3002.00000 1.680548455E+00
3003.00000 1.683025113E+00
3004.00000 1.685504447E+00
3005.00000 1.687986443E+00
3006.00000 1.690471086E+00
3007.00000 1.692958364E+00
3008.00000 1.695448263E+00
3009.00000 1.697940769E+00
3010.00000 1.700435869E+00
3011.00000 1.702933548E+00
3012.00000 1.705433795E+00
3013.00000 1.707936594E+00
3014.00000 1.710441932E+00
3015.00000 1.712949796E+00
3016.00000 1.715460172E+00
3017.00000 1.717973047E+00
3018.00000 1.720488406E+00
3019.00000 1.723006237E+00
3020.00000 1.725526525E+00
3021.00000 1.728049257E+00
3022.00000 1.730574420E+00
3023.00000 1.733101999E+00
3024.00000 1.735631982E+00
3025.00000 1.738164354E+00
3026.00000 1.740699103E+00
3027.00000 1.743236213E+00
3028.00000 1.745775672E+00
3029.00000 1.748317467E+00
3030.00000 1.750861583E+00
3031.00000 1.753408007E+00
3032.00000 1.755956726E+00
3033.00000 1.758507725E+00
3034.00000 1.761060991E+00
3035.00000 1.763616511E+00
3036.00000 1.766174271E+00
3037.00000 1.768734257E+00
3038.00000 1.771296456E+00
3039.00000 1.773860855E+00
3040.00000 1.776427439E+00
3041.00000 1.778996195E+00
3042.00000 1.781567110E+00
3043.00000 1.784140170E+00
3044.00000 1.786715361E+00
3045.00000 1.789292670E+00
3046.00000 1.791872083E+00
3047.00000 1.794453588E+00
3048.00000 1.797037169E+00
3049.00000 1.799622814E+00
3050.00000 1.802210509E+00
3051.00000 1.804800241E+00
3052.00000 1.807391996E+00
3053.00000 1.809985761E+00
3054.00000 1.812581521E+00
3055.00000 1.815179265E+00
3056.00000 1.817778977E+00
3057.00000 1.820380645E+00
3058.00000 1.822984255E+00
3059.00000 1.825589794E+00
3060.00000 1.828197249E+00
3061.00000 1.830806604E+00
3062.00000 1.833417849E+00
3063.00000 1.836030968E+00
3064.00000 1.838645948E+00
3065.00000 1.841262777E+00
3066.00000 1.843881440E+00
3067.00000 1.846501924E+00
3068.00000 1.849124216E+00
3069.00000 1.851748302E+00
3070.00000 1.854374170E+00
3071.00000 1.857001805E+00
3072.00000 1.859631194E+00
3073.00000 1.862262324E+00
3074.00000 1.864895182E+00
3075.00000 1.867529753E+00
3076.00000 1.870166026E+00
3077.00000 1.872803987E+00
3078.00000 1.875443621E+00
3079.00000 1.878084917E+00
3080.00000 1.880727860E+00
3081.00000 1.883372438E+00
3082.00000 1.886018637E+00
3083.00000 1.888666443E+00
3084.00000 1.891315845E+00
3085.00000 1.893966827E+00
3086.00000 1.896619378E+00
3087.00000 1.899273484E+00
3088.00000 1.901929132E+00
3089.00000 1.904586309E+00
3090.00000 1.907245000E+00
3091.00000 1.909905195E+00
3092.00000 1.912566878E+00
3093.00000 1.915230037E+00
3094.00000 1.917894660E+00
3095.00000 1.920560732E+00
3096.00000 1.923228240E+00
3097.00000 1.925897173E+00
3098.00000 1.928567516E+00
3099.00000 1.931239256E+00
3100.00000 1.933912381E+00
3101.00000 1.936586877E+00
3102.00000 1.939262732E+00
3103.00000 1.941939932E+00
3104.00000 1.944618464E+00
3105.00000 1.947298316E+00
3106.00000 1.949979475E+00
3107.00000 1.952661927E+00
3108.00000 1.955345660E+00
3109.00000 1.958030661E+00
3110.00000 1.960716916E+00
3111.00000 1.963404413E+00
3112.00000 1.966093140E+00
3113.00000 1.968783083E+00
3114.00000 1.971474229E+00
3115.00000 1.974166566E+00
3116.00000 1.976860080E+00
3117.00000 1.979554760E+00
3118.00000 1.982250592E+00
3119.00000 1.984947563E+00
3120.00000 1.987645662E+00
3121.00000 1.990344874E+00
3122.00000 1.993045188E+00
3123.00000 1.995746590E+00
3124.00000 1.998449069E+00
3125.00000 2.001152611E+00
3126.00000 2.003857203E+00
3127.00000 2.006562834E+00
3128.00000 2.009269490E+00
3129.00000 2.011977159E+00
3130.00000 2.014685829E+00
3131.00000 2.017395486E+00
3132.00000 2.020106119E+00
3133.00000 2.022817715E+00
3134.00000 2.025530261E+00
3135.00000 2.028243744E+00
3136.00000 2.030958154E+00
3137.00000 2.033673476E+00
3138.00000 2.036389699E+00
3139.00000 2.039106810E+00
3140.00000 2.041824797E+00
3141.00000 2.044543647E+00
3142.00000 2.047263348E+00
3143.00000 2.049983889E+00
3144.00000 2.052705255E+00
3145.00000 2.055427436E+00
3146.00000 2.058150419E+00
3147.00000 2.060874192E+00
3148.00000 2.063598742E+00
3149.00000 2.066324058E+00
3150.00000 2.069050126E+00
3151.00000 2.071776936E+00
3152.00000 2.074504475E+00
3153.00000 2.077232730E+00
3154.00000 2.079961690E+00
3155.00000 2.082691342E+00
3156.00000 2.085421675E+00
3157.00000 2.088152677E+00
3158.00000 2.090884335E+00
3159.00000 2.093616638E+00
3160.00000 2.096349573E+00
3161.00000 2.099083129E+00
3162.00000 2.101817293E+00
3163.00000 2.104552054E+00
3164.00000 2.107287400E+00
3165.00000 2.110023319E+00
3166.00000 2.112759799E+00
3167.00000 2.115496829E+00
3168.00000 2.118234396E+00
3169.00000 2.120972489E+00
3170.00000 2.123711097E+00
3171.00000 2.126450206E+00
3172.00000 2.129189806E+00
3173.00000 2.131929885E+00
3174.00000 2.134670432E+00
3175.00000 2.137411434E+00
3176.00000 2.140152880E+00
3177.00000 2.142894759E+00
3178.00000 2.145637058E+00
3179.00000 2.148379767E+00
3180.00000 2.151122874E+00
3181.00000 2.153866367E+00
3182.00000 2.156610235E+00
3183.00000 2.159354467E+00
3184.00000 2.162099050E+00
3185.00000 2.164843974E+00
3186.00000 2.167589228E+00
3187.00000 2.170334799E+00
3188.00000 2.173080677E+00
3189.00000 2.175826850E+00
3190.00000 2.178573307E+00
3191.00000 2.181320037E+00
3192.00000 2.184067028E+00
3193.00000 2.186814270E+00
3194.00000 2.189561750E+00
3195.00000 2.192309459E+00
3196.00000 2.195057384E+00
3197.00000 2.197805515E+00
3198.00000 2.200553841E+00
3199.00000 2.203302350E+00
3200.00000 2.206051032E+00
3201.00000 2.208799876E+00
3202.00000 2.211548870E+00
3203.00000 2.214298003E+00
3204.00000 2.217047265E+00
3205.00000 2.219796645E+00
3206.00000 2.222546132E+00
3207.00000 2.225295714E+00
3208.00000 2.228045382E+00
3209.00000 2.230795124E+00
3210.00000 2.233544930E+00
3211.00000 2.236294788E+00
3212.00000 2.239044689E+00
3213.00000 2.241794621E+00
3214.00000 2.244544574E+00
3215.00000 2.247294537E+00
3216.00000 2.250044499E+00
3217.00000 2.252794450E+00
3218.00000 2.255544379E+00
3219.00000 2.258294276E+00
3220.00000 2.261044130E+00
3221.00000 2.263793931E+00
3222.00000 2.266543668E+00
3223.00000 2.269293331E+00
3224.00000 2.272042909E+00
3225.00000 2.274792392E+00
3226.00000 2.277541770E+00
3227.00000 2.280291032E+00
3228.00000 2.283040168E+00
3229.00000 2.285789168E+00
3230.00000 2.288538021E+00
3231.00000 2.291286717E+00
3232.00000 2.294035246E+00
3233.00000 2.296783598E+00
3234.00000 2.299531763E+00
3235.00000 2.302279730E+00
3236.00000 2.305027490E+00
3237.00000 2.307775032E+00
3238.00000 2.310522347E+00
3239.00000 2.313269424E+00
3240.00000 2.316016253E+00
3241.00000 2.318762824E+00
3242.00000 2.321509128E+00
3243.00000 2.324255155E+00
3244.00000 2.327000894E+00
3245.00000 2.329746336E+00
3246.00000 2.332491471E+00
3247.00000 2.335236289E+00
3248.00000 2.337980781E+00
3249.00000 2.340724936E+00
3250.00000 2.343468745E+00
3251.00000 2.346212199E+00
3252.00000 2.348955287E+00
3253.00000 2.351698000E+00
3254.00000 2.354440329E+00
3255.00000 2.357182264E+00
3256.00000 2.359923795E+00
3257.00000 2.362664912E+00
3258.00000 2.365405607E+00
3259.00000 2.368145870E+00
3260.00000 2.370885691E+00
3261.00000 2.373625061E+00
3262.00000 2.376363971E+00
3263.00000 2.379102411E+00
3264.00000 2.381840372E+00
3265.00000 2.384577845E+00
3266.00000 2.387314820E+00
3267.00000 2.390051288E+00
3268.00000 2.392787240E+00
3269.00000 2.395522667E+00
3270.00000 2.398257560E+00
3271.00000 2.400991909E+00
3272.00000 2.403725705E+00
3273.00000 2.406458940E+00
3274.00000 2.409191604E+00
3275.00000 2.411923688E+00
3276.00000 2.414655184E+00
3277.00000 2.417386082E+00
3278.00000 2.420116373E+00
3279.00000 2.422846049E+00
3280.00000 2.425575100E+00
3281.00000 2.428303519E+00
3282.00000 2.431031295E+00
3283.00000 2.433758421E+00
3284.00000 2.436484887E+00
3285.00000 2.439210684E+00
3286.00000 2.441935805E+00
3287.00000 2.444660240E+00
3288.00000 2.447383981E+00
3289.00000 2.450107019E+00
3290.00000 2.452829345E+00
3291.00000 2.455550952E+00
3292.00000 2.458271830E+00
3293.00000 2.460991971E+00
3294.00000 2.463711366E+00
3295.00000 2.466430007E+00
3296.00000 2.469147886E+00
3297.00000 2.471864995E+00
3298.00000 2.474581324E+00
3299.00000 2.477296866E+00
3300.00000 2.480011612E+00
3301.00000 2.482725554E+00
3302.00000 2.485438683E+00
3303.00000 2.488150993E+00
3304.00000 2.490862473E+00
3305.00000 2.493573117E+00
3306.00000 2.496282916E+00
3307.00000 2.498991862E+00
3308.00000 2.501699947E+00
3309.00000 2.504407163E+00
3310.00000 2.507113501E+00
3311.00000 2.509818955E+00
3312.00000 2.512523515E+00
3313.00000 2.515227174E+00
3314.00000 2.517929925E+00
3315.00000 2.520631759E+00
3316.00000 2.523332668E+00
3317.00000 2.526032645E+00
3318.00000 2.528731681E+00
3319.00000 2.531429770E+00
3320.00000 2.534126903E+00
3321.00000 2.536823073E+00
3322.00000 2.539518271E+00
3323.00000 2.542212491E+00
3324.00000 2.544905725E+00
3325.00000 2.547597965E+00
3326.00000 2.550289203E+00
3327.00000 2.552979433E+00
3328.00000 2.555668646E+00
3329.00000 2.558356835E+00
3330.00000 2.561043993E+00
3331.00000 2.563730112E+00
3332.00000 2.566415185E+00
3333.00000 2.569099205E+00
3334.00000 2.571782164E+00
3335.00000 2.574464054E+00
3336.00000 2.577144870E+00
3337.00000 2.579824602E+00
3338.00000 2.582503245E+00
3339.00000 2.585180791E+00
3340.00000 2.587857233E+00
3341.00000 2.590532564E+00
3342.00000 2.593206776E+00
3343.00000 2.595879863E+00
3344.00000 2.598551817E+00
3345.00000 2.601222632E+00
3346.00000 2.603892300E+00
3347.00000 2.606560815E+00
3348.00000 2.609228170E+00
3349.00000 2.611894357E+00
3350.00000 2.614559371E+00
3351.00000 2.617223203E+00
3352.00000 2.619885847E+00
3353.00000 2.622547298E+00
3354.00000 2.625207546E+00
3355.00000 2.627866587E+00
3356.00000 2.630524413E+00
3357.00000 2.633181018E+00
3358.00000 2.635836394E+00
3359.00000 2.638490536E+00
3360.00000 2.641143437E+00
3361.00000 2.643795090E+00
3362.00000 2.646445488E+00
3363.00000 2.649094626E+00
3364.00000 2.651742496E+00
3365.00000 2.654389093E+00
3366.00000 2.657034409E+00
3367.00000 2.659678439E+00
3368.00000 2.662321176E+00
3369.00000 2.664962613E+00
3370.00000 2.667602745E+00
3371.00000 2.670241565E+00
3372.00000 2.672879067E+00
3373.00000 2.675515245E+00
3374.00000 2.678150092E+00
3375.00000 2.680783603E+00
3376.00000 2.683415770E+00
3377.00000 2.686046589E+00
3378.00000 2.688676052E+00
3379.00000 2.691304155E+00
3380.00000 2.693930890E+00
3381.00000 2.696556252E+00
3382.00000 2.699180235E+00
3383.00000 2.701802833E+00
3384.00000 2.704424040E+00
3385.00000 2.707043850E+00
3386.00000 2.709662257E+00
3387.00000 2.712279256E+00
3388.00000 2.714894840E+00
3389.00000 2.717509004E+00
3390.00000 2.720121742E+00
3391.00000 2.722733049E+00
3392.00000 2.725342918E+00
3393.00000 2.727951344E+00
3394.00000 2.730558321E+00
3395.00000 2.733163844E+00
3396.00000 2.735767906E+00
3397.00000 2.738370504E+00
3398.00000 2.740971630E+00
3399.00000 2.743571280E+00
3400.00000 2.746169447E+00
3401.00000 2.748766128E+00
3402.00000 2.751361315E+00
3403.00000 2.753955004E+00
3404.00000 2.756547189E+00
3405.00000 2.759137865E+00
3406.00000 2.761727026E+00
3407.00000 2.764314668E+00
3408.00000 2.766900785E+00
3409.00000 2.769485371E+00
3410.00000 2.772068422E+00
3411.00000 2.774649933E+00
3412.00000 2.777229897E+00
3413.00000 2.779808311E+00
3414.00000 2.782385168E+00
3415.00000 2.784960464E+00
3416.00000 2.787534194E+00
3417.00000 2.790106353E+00
3418.00000 2.792676935E+00
3419.00000 2.795245936E+00
3420.00000 2.797813351E+00
3421.00000 2.800379174E+00
3422.00000 2.802943402E+00
3423.00000 2.805506028E+00
3424.00000 2.808067049E+00
3425.00000 2.810626459E+00
3426.00000 2.813184253E+00
3427.00000 2.815740427E+00
3428.00000 2.818294976E+00
3429.00000 2.820847896E+00
3430.00000 2.823399181E+00
3431.00000 2.825948826E+00
3432.00000 2.828496828E+00
3433.00000 2.831043182E+00
3434.00000 2.833587883E+00
3435.00000 2.836130926E+00
3436.00000 2.838672307E+00
3437.00000 2.841212021E+00
3438.00000 2.843750064E+00
3439.00000 2.846286431E+00
3440.00000 2.848821119E+00
3441.00000 2.851354122E+00
3442.00000 2.853885436E+00
3443.00000 2.856415056E+00
3444.00000 2.858942979E+00
3445.00000 2.861469201E+00
3446.00000 2.863993715E+00
3447.00000 2.866516520E+00
3448.00000 2.869037609E+00
3449.00000 2.871556980E+00
3450.00000 2.874074627E+00
3451.00000 2.876590547E+00
3452.00000 2.879104736E+00
3453.00000 2.881617188E+00
3454.00000 2.884127901E+00
3455.00000 2.886636871E+00
3456.00000 2.889144092E+00
3457.00000 2.891649561E+00
3458.00000 2.894153275E+00
3459.00000 2.896655228E+00
3460.00000 2.899155418E+00
3461.00000 2.901653839E+00
3462.00000 2.904150489E+00
3463.00000 2.906645364E+00
3464.00000 2.909138459E+00
3465.00000 2.911629771E+00
3466.00000 2.914119295E+00
3467.00000 2.916607029E+00
3468.00000 2.919092968E+00
3469.00000 2.921577109E+00
3470.00000 2.924059447E+00
3471.00000 2.926539980E+00
3472.00000 2.929018703E+00
3473.00000 2.931495613E+00
3474.00000 2.933970706E+00
3475.00000 2.936443979E+00
3476.00000 2.938915428E+00
3477.00000 2.941385049E+00
3478.00000 2.943852840E+00
3479.00000 2.946318796E+00
3480.00000 2.948782913E+00
3481.00000 2.951245190E+00
3482.00000 2.953705621E+00
3483.00000 2.956164204E+00
3484.00000 2.958620935E+00
3485.00000 2.961075811E+00
3486.00000 2.963528829E+00
3487.00000 2.965979985E+00
3488.00000 2.968429275E+00
3489.00000 2.970876698E+00
3490.00000 2.973322248E+00
3491.00000 2.975765924E+00
3492.00000 2.978207722E+00
3493.00000 2.980647638E+00
3494.00000 2.983085670E+00
3495.00000 2.985521815E+00
3496.00000 2.987956069E+00
3497.00000 2.990388428E+00
3498.00000 2.992818891E+00
3499.00000 2.995247455E+00
3500.00000 2.997674115E+00
3501.00000 3.000098869E+00
3502.00000 3.002521714E+00
3503.00000 3.004942647E+00
3504.00000 3.007361665E+00
3505.00000 3.009778765E+00
3506.00000 3.012193945E+00
3507.00000 3.014607201E+00
3508.00000 3.017018530E+00
3509.00000 3.019427930E+00
3510.00000 3.021835398E+00
3511.00000 3.024240931E+00
3512.00000 3.026644526E+00
3513.00000 3.029046181E+00
3514.00000 3.031445893E+00
3515.00000 3.033843658E+00
3516.00000 3.036239475E+00
3517.00000 3.038633341E+00
3518.00000 3.041025252E+00
3519.00000 3.043415208E+00
3520.00000 3.045803204E+00
3521.00000 3.048189238E+00
3522.00000 3.050573308E+00
3523.00000 3.052955411E+00
3524.00000 3.055335544E+00
3525.00000 3.057713706E+00
3526.00000 3.060089893E+00
3527.00000 3.062464104E+00
3528.00000 3.064836335E+00
3529.00000 3.067206584E+00
3530.00000 3.069574849E+00
3531.00000 3.071941128E+00
3532.00000 3.074305418E+00
3533.00000 3.076667717E+00
3534.00000 3.079028022E+00
3535.00000 3.081386331E+00
3536.00000 3.083742642E+00
3537.00000 3.086096953E+00
3538.00000 3.088449261E+00
3539.00000 3.090799564E+00
3540.00000 3.093147860E+00
3541.00000 3.095494147E+00
3542.00000 3.097838423E+00
3543.00000 3.100180685E+00
3544.00000 3.102520931E+00
3545.00000 3.104859159E+00
3546.00000 3.107195368E+00
3547.00000 3.109529555E+00
3548.00000 3.111861718E+00
3549.00000 3.114191854E+00
3550.00000 3.116519963E+00
3551.00000 3.118846042E+00
3552.00000 3.121170088E+00
3553.00000 3.123492101E+00
3554.00000 3.125812078E+00
3555.00000 3.128130017E+00
3556.00000 3.130445917E+00
3557.00000 3.132759774E+00
3558.00000 3.135071589E+00
3559.00000 3.137381358E+00
3560.00000 3.139689080E+00
3561.00000 3.141994753E+00
3562.00000 3.144298376E+00
3563.00000 3.146599946E+00
3564.00000 3.148899462E+00
3565.00000 3.151196922E+00
3566.00000 3.153492324E+00
3567.00000 3.155785667E+00
3568.00000 3.158076949E+00
3569.00000 3.160366169E+00
3570.00000 3.162653324E+00
3571.00000 3.164938413E+00
3572.00000 3.167221435E+00
3573.00000 3.169502387E+00
3574.00000 3.171781269E+00
3575.00000 3.174058079E+00
3576.00000 3.176332815E+00
3577.00000 3.178605476E+00
3578.00000 3.180876059E+00
3579.00000 3.183144565E+00
3580.00000 3.185410991E+00
3581.00000 3.187675336E+00
3582.00000 3.189937598E+00
3583.00000 3.192197776E+00
3584.00000 3.194455869E+00
3585.00000 3.196711875E+00
3586.00000 3.198965792E+00
3587.00000 3.201217621E+00
3588.00000 3.203467358E+00
3589.00000 3.205715004E+00
3590.00000 3.207960556E+00
3591.00000 3.210204013E+00
3592.00000 3.212445375E+00
3593.00000 3.214684639E+00
3594.00000 3.216921805E+00
3595.00000 3.219156871E+00
3596.00000 3.221389836E+00
3597.00000 3.223620700E+00
3598.00000 3.225849460E+00
3599.00000 3.228076116E+00
3600.00000 3.230300666E+00
3601.00000 3.232523110E+00
3602.00000 3.234743447E+00
3603.00000 3.236961674E+00
3604.00000 3.239177792E+00
3605.00000 3.241391799E+00
3606.00000 3.243603694E+00
3607.00000 3.245813476E+00
3608.00000 3.248021145E+00
3609.00000 3.250226698E+00
3610.00000 3.252430136E+00
3611.00000 3.254631457E+00
3612.00000 3.256830660E+00
3613.00000 3.259027745E+00
3614.00000 3.261222710E+00
3615.00000 3.263415554E+00
3616.00000 3.265606278E+00
3617.00000 3.267794879E+00
3618.00000 3.269981357E+00
3619.00000 3.272165711E+00
3620.00000 3.274347941E+00
3621.00000 3.276528045E+00
3622.00000 3.278706023E+00
3623.00000 3.280881873E+00
3624.00000 3.283055596E+00
3625.00000 3.285227191E+00
3626.00000 3.287396656E+00
3627.00000 3.289563991E+00
3628.00000 3.291729196E+00
3629.00000 3.293892269E+00
3630.00000 3.296053211E+00
3631.00000 3.298212019E+00
3632.00000 3.300368694E+00
3633.00000 3.302523236E+00
3634.00000 3.304675643E+00
3635.00000 3.306825914E+00
3636.00000 3.308974050E+00
3637.00000 3.311120050E+00
3638.00000 3.313263913E+00
3639.00000 3.315405639E+00
3640.00000 3.317545226E+00
3641.00000 3.319682675E+00
3642.00000 3.321817986E+00
3643.00000 3.323951157E+00
3644.00000 3.326082188E+00
3645.00000 3.328211078E+00
3646.00000 3.330337828E+00
3647.00000 3.332462437E+00
3648.00000 3.334584904E+00
3649.00000 3.336705230E+00
3650.00000 3.338823412E+00
3651.00000 3.340939452E+00
3652.00000 3.343053349E+00
3653.00000 3.345165103E+00
3654.00000 3.347274712E+00
3655.00000 3.349382178E+00
3656.00000 3.351487499E+00
3657.00000 3.353590675E+00
3658.00000 3.355691706E+00
3659.00000 3.357790592E+00
3660.00000 3.359887332E+00
3661.00000 3.361981927E+00
3662.00000 3.364074375E+00
3663.00000 3.366164678E+00
3664.00000 3.368252834E+00
3665.00000 3.370338843E+00
3666.00000 3.372422705E+00
3667.00000 3.374504420E+00
3668.00000 3.376583989E+00
3669.00000 3.378661410E+00
3670.00000 3.380736683E+00
3671.00000 3.382809809E+00
3672.00000 3.384880787E+00
3673.00000 3.386949618E+00
3674.00000 3.389016301E+00
3675.00000 3.391080835E+00
3676.00000 3.393143222E+00
3677.00000 3.395203461E+00
3678.00000 3.397261552E+00
3679.00000 3.399317495E+00
3680.00000 3.401371289E+00
3681.00000 3.403422936E+00
3682.00000 3.405472435E+00
3683.00000 3.407519785E+00
3684.00000 3.409564988E+00
3685.00000 3.411608043E+00
3686.00000 3.413648949E+00
3687.00000 3.415687708E+00
3688.00000 3.417724320E+00
3689.00000 3.419758783E+00
3690.00000 3.421791099E+00
3691.00000 3.423821268E+00
3692.00000 3.425849290E+00
3693.00000 3.427875164E+00
3694.00000 3.429898891E+00
3695.00000 3.431920472E+00
3696.00000 3.433939906E+00
3697.00000 3.435957193E+00
3698.00000 3.437972334E+00
3699.00000 3.439985329E+00
3700.00000 3.441996178E+00
3701.00000 3.444004882E+00
3702.00000 3.446011440E+00
3703.00000 3.448015853E+00
3704.00000 3.450018122E+00
3705.00000 3.452018245E+00
3706.00000 3.454016224E+00
3707.00000 3.456012060E+00
3708.00000 3.458005751E+00
3709.00000 3.459997300E+00
3710.00000 3.461986705E+00
3711.00000 3.463973967E+00
3712.00000 3.465959087E+00
3713.00000 3.467942065E+00
3714.00000 3.469922901E+00
3715.00000 3.471901596E+00
3716.00000 3.473878150E+00
3717.00000 3.475852563E+00
3718.00000 3.477824837E+00
3719.00000 3.479794970E+00
3720.00000 3.481762964E+00
3721.00000 3.483728820E+00
3722.00000 3.485692537E+00
3723.00000 3.487654116E+00
3724.00000 3.489613557E+00
3725.00000 3.491570862E+00
3726.00000 3.493526030E+00
3727.00000 3.495479062E+00
3728.00000 3.497429958E+00
3729.00000 3.499378720E+00
3730.00000 3.501325347E+00
3731.00000 3.503269840E+00
3732.00000 3.505212199E+00
3733.00000 3.507152426E+00
3734.00000 3.509090520E+00
3735.00000 3.511026482E+00
3736.00000 3.512960314E+00
3737.00000 3.514892014E+00
3738.00000 3.516821585E+00
3739.00000 3.518749026E+00
3740.00000 3.520674339E+00
3741.00000 3.522597523E+00
3742.00000 3.524518580E+00
3743.00000 3.526437510E+00
3744.00000 3.528354314E+00
3745.00000 3.530268992E+00
3746.00000 3.532181545E+00
3747.00000 3.534091974E+00
3748.00000 3.536000279E+00
3749.00000 3.537906462E+00
3750.00000 3.539810522E+00
3751.00000 3.541712461E+00
3752.00000 3.543612279E+00
3753.00000 3.545509977E+00
3754.00000 3.547405556E+00
3755.00000 3.549299016E+00
3756.00000 3.551190359E+00
3757.00000 3.553079584E+00
3758.00000 3.554966694E+00
3759.00000 3.556851688E+00
3760.00000 3.558734567E+00
3761.00000 3.560615332E+00
3762.00000 3.562493984E+00
3763.00000 3.564370524E+00
3764.00000 3.566244952E+00
3765.00000 3.568117270E+00
3766.00000 3.569987477E+00
3767.00000 3.571855576E+00
3768.00000 3.573721567E+00
3769.00000 3.575585451E+00
3770.00000 3.577447228E+00
3771.00000 3.579306899E+00
3772.00000 3.581164466E+00
3773.00000 3.583019929E+00
3774.00000 3.584873289E+00
3775.00000 3.586724547E+00
3776.00000 3.588573704E+00
3777.00000 3.590420761E+00
3778.00000 3.592265719E+00
3779.00000 3.594108579E+00
3780.00000 3.595949341E+00
3781.00000 3.597788006E+00
3782.00000 3.599624577E+00
3783.00000 3.601459052E+00
3784.00000 3.603291434E+00
3785.00000 3.605121724E+00
3786.00000 3.606949922E+00
3787.00000 3.608776029E+00
3788.00000 3.610600047E+00
3789.00000 3.612421977E+00
3790.00000 3.614241818E+00
3791.00000 3.616059573E+00
3792.00000 3.617875243E+00
3793.00000 3.619688828E+00
3794.00000 3.621500329E+00
3795.00000 3.623309749E+00
3796.00000 3.625117086E+00
3797.00000 3.626922344E+00
3798.00000 3.628725522E+00
3799.00000 3.630526622E+00
3800.00000 3.632325645E+00
3801.00000 3.634122592E+00
3802.00000 3.635917463E+00
3803.00000 3.637710261E+00
3804.00000 3.639500987E+00
3805.00000 3.641289640E+00
3806.00000 3.643076224E+00
3807.00000 3.644860737E+00
3808.00000 3.646643183E+00
3809.00000 3.648423561E+00
3810.00000 3.650201873E+00
3811.00000 3.651978121E+00
3812.00000 3.653752305E+00
3813.00000 3.655524426E+00
3814.00000 3.657294486E+00
3815.00000 3.659062485E+00
3816.00000 3.660828426E+00
3817.00000 3.662592309E+00
3818.00000 3.664354135E+00
3819.00000 3.666113906E+00
3820.00000 3.667871622E+00
3821.00000 3.669627285E+00
3822.00000 3.671380897E+00
3823.00000 3.673132458E+00
3824.00000 3.674881969E+00
3825.00000 3.676629433E+00
3826.00000 3.678374849E+00
3827.00000 3.680118220E+00
3828.00000 3.681859546E+00
3829.00000 3.683598829E+00
3830.00000 3.685336070E+00
3831.00000 3.687071270E+00
3832.00000 3.688804431E+00
3833.00000 3.690535554E+00
3834.00000 3.692264640E+00
3835.00000 3.693991690E+00
3836.00000 3.695716706E+00
3837.00000 3.697439689E+00
3838.00000 3.699160640E+00
3839.00000 3.700879561E+00
3840.00000 3.702596453E+00
3841.00000 3.704311317E+00
3842.00000 3.706024154E+00
3843.00000 3.707734967E+00
3844.00000 3.709443755E+00
3845.00000 3.711150521E+00
3846.00000 3.712855266E+00
3847.00000 3.714557992E+00
3848.00000 3.716258698E+00
3849.00000 3.717957388E+00
3850.00000 3.719654062E+00
3851.00000 3.721348721E+00
3852.00000 3.723041368E+00
3853.00000 3.724732003E+00
3854.00000 3.726420627E+00
3855.00000 3.728107243E+00
3856.00000 3.729791852E+00
3857.00000 3.731474454E+00
3858.00000 3.733155051E+00
3859.00000 3.734833646E+00
3860.00000 3.736510238E+00
3861.00000 3.738184830E+00
3862.00000 3.739857423E+00
3863.00000 3.741528018E+00
3864.00000 3.743196617E+00
3865.00000 3.744863221E+00
3866.00000 3.746527832E+00
3867.00000 3.748190451E+00
3868.00000 3.749851079E+00
3869.00000 3.751509718E+00
3870.00000 3.753166370E+00
3871.00000 3.754821036E+00
3872.00000 3.756473716E+00
3873.00000 3.758124414E+00
3874.00000 3.759773130E+00
3875.00000 3.761419866E+00
3876.00000 3.763064622E+00
3877.00000 3.764707402E+00
3878.00000 3.766348205E+00
3879.00000 3.767987035E+00
3880.00000 3.769623891E+00
3881.00000 3.771258776E+00
3882.00000 3.772891691E+00
3883.00000 3.774522637E+00
3884.00000 3.776151617E+00
3885.00000 3.777778631E+00
3886.00000 3.779403682E+00
3887.00000 3.781026770E+00
3888.00000 3.782647897E+00
3889.00000 3.784267065E+00
3890.00000 3.785884275E+00
3891.00000 3.787499529E+00
3892.00000 3.789112828E+00
3893.00000 3.790724174E+00
3894.00000 3.792333568E+00
3895.00000 3.793941013E+00
3896.00000 3.795546508E+00
3897.00000 3.797150057E+00
3898.00000 3.798751660E+00
3899.00000 3.800351319E+00
3900.00000 3.801949036E+00
3901.00000 3.803544812E+00
3902.00000 3.805138649E+00
3903.00000 3.806730548E+00
3904.00000 3.808320511E+00
3905.00000 3.809908540E+00
3906.00000 3.811494636E+00
3907.00000 3.813078800E+00
3908.00000 3.814661035E+00
3909.00000 3.816241342E+00
3910.00000 3.817819722E+00
3911.00000 3.819396177E+00
3912.00000 3.820970709E+00
3913.00000 3.822543319E+00
3914.00000 3.824114008E+00
3915.00000 3.825682780E+00
3916.00000 3.827249634E+00
3917.00000 3.828814573E+00
3918.00000 3.830377598E+00
3919.00000 3.831938712E+00
3920.00000 3.833497914E+00
3921.00000 3.835055208E+00
3922.00000 3.836610595E+00
3923.00000 3.838164076E+00
3924.00000 3.839715654E+00
3925.00000 3.841265328E+00
3926.00000 3.842813103E+00
3927.00000 3.844358978E+00
3928.00000 3.845902956E+00
3929.00000 3.847445038E+00
3930.00000 3.848985226E+00
3931.00000 3.850523522E+00
3932.00000 3.852059926E+00
3933.00000 3.853594442E+00
3934.00000 3.855127070E+00
3935.00000 3.856657813E+00
3936.00000 3.858186671E+00
3937.00000 3.859713647E+00
3938.00000 3.861238742E+00
3939.00000 3.862761958E+00
3940.00000 3.864283296E+00
3941.00000 3.865802759E+00
3942.00000 3.867320348E+00
3943.00000 3.868836064E+00
3944.00000 3.870349909E+00
3945.00000 3.871861886E+00
3946.00000 3.873371995E+00
3947.00000 3.874880238E+00
3948.00000 3.876386617E+00
3949.00000 3.877891134E+00
3950.00000 3.879393791E+00
3951.00000 3.880894589E+00
3952.00000 3.882393529E+00
3953.00000 3.883890614E+00
3954.00000 3.885385845E+00
3955.00000 3.886879224E+00
3956.00000 3.888370753E+00
3957.00000 3.889860433E+00
3958.00000 3.891348266E+00
3959.00000 3.892834254E+00
3960.00000 3.894318399E+00
3961.00000 3.895800702E+00
3962.00000 3.897281164E+00
3963.00000 3.898759788E+00
3964.00000 3.900236576E+00
3965.00000 3.901711529E+00
3966.00000 3.903184649E+00
3967.00000 3.904655937E+00
3968.00000 3.906125395E+00
3969.00000 3.907593026E+00
3970.00000 3.909058830E+00
3971.00000 3.910522810E+00
3972.00000 3.911984967E+00
3973.00000 3.913445303E+00
3974.00000 3.914903819E+00
3975.00000 3.916360519E+00
3976.00000 3.917815402E+00
3977.00000 3.919268471E+00
3978.00000 3.920719729E+00
3979.00000 3.922169175E+00
3980.00000 3.923616813E+00
3981.00000 3.925062644E+00
3982.00000 3.926506669E+00
3983.00000 3.927948891E+00
3984.00000 3.929389311E+00
3985.00000 3.930827931E+00
3986.00000 3.932264753E+00
3987.00000 3.933699778E+00
3988.00000 3.935133009E+00
3989.00000 3.936564447E+00
3990.00000 3.937994093E+00
3991.00000 3.939421950E+00
3992.00000 3.940848020E+00
3993.00000 3.942272303E+00
3994.00000 3.943694803E+00
3995.00000 3.945115520E+00
3996.00000 3.946534456E+00
3997.00000 3.947951614E+00
3998.00000 3.949366994E+00
3999.00000 3.950780600E+00
4000.00000 3.952192432E+00
 
